1.4321218729019165 5e-06
1.4318493604660034 1e-05
1.4315769672393799 1.5000000000000002e-05
1.431304693222046 2e-05
1.4310325384140015 2.5e-05
1.4307605028152466 3.0000000000000004e-05
1.4304887056350708 3.5000000000000004e-05
1.4302170276641846 4e-05
1.429945468902588 4.5e-05
1.4296740293502808 5e-05
1.4294027090072632 5.5e-05
1.4291315078735352 6.000000000000001e-05
1.4288604259490967 6.500000000000001e-05
1.4285895824432373 7.000000000000001e-05
1.4283188581466675 7.500000000000001e-05
1.4280482530593872 8e-05
1.4277777671813965 8.5e-05
1.4275074005126953 9e-05
1.4272371530532837 9.5e-05
1.4269670248031616 0.0001
1.426697015762329 0.000105
1.4264272451400757 0.00011
1.4261575937271118 0.000115
1.4258880615234375 0.00012000000000000002
1.4256186485290527 0.000125
1.4253493547439575 0.00013000000000000002
1.4250801801681519 0.000135
1.4248111248016357 0.00014000000000000001
1.4245421886444092 0.000145
1.4242733716964722 0.00015000000000000001
1.4240047931671143 0.000155
1.423736333847046 0.00016
1.423467993736267 0.00016500000000000003
1.4231997728347778 0.00017
1.4229316711425781 0.00017500000000000003
1.422663688659668 0.00018
1.4223958253860474 0.00018500000000000002
1.4221280813217163 0.00019
1.4218604564666748 0.00019500000000000002
1.4215929508209229 0.0002
1.42132568359375 0.00020500000000000002
1.4210585355758667 0.00021
1.420791506767273 0.00021500000000000002
1.4205245971679688 0.00022
1.420257806777954 0.00022500000000000002
1.419991135597229 0.00023
1.4197245836257935 0.00023500000000000002
1.4194581508636475 0.00024000000000000003
1.419191837310791 0.00024500000000000005
1.4189256429672241 0.00025
1.4186595678329468 0.000255
1.418393611907959 0.00026000000000000003
1.4181277751922607 0.00026500000000000004
1.4178621768951416 0.00027
1.417596697807312 0.000275
1.417331337928772 0.00028000000000000003
1.4170660972595215 0.00028500000000000004
1.4168009757995605 0.00029
1.4165359735488892 0.000295
1.4162710905075073 0.00030000000000000003
1.416006326675415 0.00030500000000000004
1.4157416820526123 0.00031
1.4154771566390991 0.000315
1.4152127504348755 0.00032
1.4149484634399414 0.00032500000000000004
1.4146842956542969 0.00033000000000000005
1.414420247077942 0.000335
1.4141563177108765 0.00034
1.4138925075531006 0.00034500000000000004
1.4136288166046143 0.00035000000000000005
1.4133652448654175 0.000355
1.4131017923355103 0.00036
1.4128384590148926 0.00036500000000000004
1.4125752449035645 0.00037000000000000005
1.4123122692108154 0.000375
1.412049412727356 0.00038
1.411786675453186 0.00038500000000000003
1.4115240573883057 0.00039000000000000005
1.4112615585327148 0.000395
1.4109991788864136 0.0004
1.4107369184494019 0.00040500000000000003
1.4104747772216797 0.00041000000000000005
1.410212755203247 0.00041500000000000006
1.409950852394104 0.00042
1.4096890687942505 0.00042500000000000003
1.4094274044036865 0.00043000000000000004
1.409165859222412 0.00043500000000000006
1.4089044332504272 0.00044
1.408643126487732 0.00044500000000000003
1.4083819389343262 0.00045000000000000004
1.40812087059021 0.00045500000000000006
1.4078599214553833 0.00046
1.4075990915298462 0.000465
1.4073383808135986 0.00047000000000000004
1.4070777893066406 0.00047500000000000005
1.4068173170089722 0.00048000000000000007
1.4065569639205933 0.000485
1.406296730041504 0.0004900000000000001
1.406036615371704 0.000495
1.4057766199111938 0.0005
1.4055167436599731 0.000505
1.405256986618042 0.00051
1.4049973487854004 0.000515
1.4047378301620483 0.0005200000000000001
1.4044784307479858 0.0005250000000000001
1.404219150543213 0.0005300000000000001
1.4039599895477295 0.000535
1.4037009477615356 0.00054
1.4034420251846313 0.000545
1.4031832218170166 0.00055
1.4029245376586914 0.000555
1.4026659727096558 0.0005600000000000001
1.4024075269699097 0.0005650000000000001
1.4021492004394531 0.0005700000000000001
1.4018909931182861 0.0005750000000000001
1.4016329050064087 0.00058
1.4013749361038208 0.000585
1.401116967201233 0.00059
1.4008591175079346 0.000595
1.4006013870239258 0.0006000000000000001
1.4003437757492065 0.0006050000000000001
1.4000862836837769 0.0006100000000000001
1.3998289108276367 0.0006150000000000001
1.3995716571807861 0.00062
1.399314522743225 0.000625
1.3990575075149536 0.00063
1.3988006114959717 0.000635
1.3985438346862793 0.00064
1.3982871770858765 0.0006450000000000001
1.3980306386947632 0.0006500000000000001
1.3977742195129395 0.0006550000000000001
1.3975179195404053 0.0006600000000000001
1.3972617387771606 0.000665
1.3970056772232056 0.00067
1.39674973487854 0.000675
1.396493911743164 0.00068
1.3962382078170776 0.0006850000000000001
1.3959826231002808 0.0006900000000000001
1.3957271575927734 0.0006950000000000001
1.3954718112945557 0.0007000000000000001
1.3952165842056274 0.000705
1.3949614763259888 0.00071
1.3947064876556396 0.000715
1.39445161819458 0.00072
1.3941967487335205 0.0007250000000000001
1.3939419984817505 0.0007300000000000001
1.39368736743927 0.0007350000000000001
1.393432855606079 0.0007400000000000001
1.3931784629821777 0.0007450000000000001
1.392924189567566 0.00075
1.3926700353622437 0.000755
1.392416000366211 0.00076
1.3921620845794678 0.0007650000000000001
1.3919082880020142 0.0007700000000000001
1.39165461063385 0.0007750000000000001
1.3914010524749756 0.0007800000000000001
1.3911476135253906 0.0007850000000000001
1.3908942937850952 0.00079
1.3906410932540894 0.000795
1.390388011932373 0.0008
1.3901349306106567 0.000805
1.38988196849823 0.0008100000000000001
1.3896291255950928 0.0008150000000000001
1.3893764019012451 0.0008200000000000001
1.389123797416687 0.0008250000000000001
1.3888713121414185 0.0008300000000000001
1.3886189460754395 0.000835
1.38836669921875 0.00084
1.38811457157135 0.000845
1.3878625631332397 0.0008500000000000001
1.387610673904419 0.0008550000000000001
1.3873589038848877 0.0008600000000000001
1.387107253074646 0.0008650000000000001
1.3868556022644043 0.0008700000000000001
1.3866040706634521 0.000875
1.3863526582717896 0.00088
1.3861013650894165 0.000885
1.385850191116333 0.0008900000000000001
1.385599136352539 0.0008950000000000001
1.3853482007980347 0.0009000000000000001
1.3850973844528198 0.0009050000000000001
1.3848466873168945 0.0009100000000000001
1.3845961093902588 0.0009150000000000001
1.3843456506729126 0.00092
1.3840951919555664 0.000925
1.3838448524475098 0.00093
1.3835946321487427 0.0009350000000000001
1.3833445310592651 0.0009400000000000001
1.3830945491790771 0.0009450000000000001
1.3828446865081787 0.0009500000000000001
1.3825949430465698 0.0009550000000000001
1.3823453187942505 0.0009600000000000001
1.3820958137512207 0.000965
1.3818464279174805 0.00097
1.3815970420837402 0.0009750000000000001
1.3813477754592896 0.0009800000000000002
1.3810986280441284 0.000985
1.3808495998382568 0.00099
1.3806006908416748 0.000995
1.3803519010543823 0.001
1.3801032304763794 0.001005
1.379854679107666 0.00101
1.3796062469482422 0.001015
1.3793578147888184 0.00102
1.379109501838684 0.001025
1.3788613080978394 0.00103
1.3786132335662842 0.0010350000000000001
1.3783652782440186 0.0010400000000000001
1.3781174421310425 0.0010450000000000001
1.377869725227356 0.0010500000000000002
1.377622127532959 0.0010550000000000002
1.377374529838562 0.0010600000000000002
1.3771270513534546 0.0010650000000000002
1.3768796920776367 0.00107
1.3766324520111084 0.001075
1.3763853311538696 0.00108
1.3761383295059204 0.001085
1.3758914470672607 0.00109
1.3756446838378906 0.001095
1.3753979206085205 0.0011
1.37515127658844 0.001105
1.374904751777649 0.00111
1.3746583461761475 0.001115
1.3744120597839355 0.0011200000000000001
1.3741658926010132 0.0011250000000000001
1.3739198446273804 0.0011300000000000001
1.373673915863037 0.0011350000000000002
1.3734279870986938 0.0011400000000000002
1.3731821775436401 0.0011450000000000002
1.372936487197876 0.0011500000000000002
1.3726909160614014 0.001155
1.3724454641342163 0.00116
1.3722001314163208 0.001165
1.3719549179077148 0.00117
1.3717097043991089 0.001175
1.3714646100997925 0.00118
1.3712196350097656 0.001185
1.3709747791290283 0.00119
1.3707300424575806 0.001195
1.3704854249954224 0.0012000000000000001
1.3702409267425537 0.0012050000000000001
1.369996428489685 0.0012100000000000001
1.369752049446106 0.0012150000000000002
1.3695077896118164 0.0012200000000000002
1.3692636489868164 0.0012250000000000002
1.369019627571106 0.0012300000000000002
1.368775725364685 0.0012350000000000002
1.3685319423675537 0.00124
1.3682881593704224 0.001245
1.3680444955825806 0.00125
1.3678009510040283 0.001255
1.3675575256347656 0.00126
1.3673142194747925 0.001265
1.3670710325241089 0.00127
1.3668278455734253 0.001275
1.3665847778320312 0.00128
1.3663418292999268 0.0012850000000000001
1.3660989999771118 0.0012900000000000001
1.3658562898635864 0.0012950000000000001
1.3656136989593506 0.0013000000000000002
1.3653711080551147 0.0013050000000000002
1.3651286363601685 0.0013100000000000002
1.3648862838745117 0.0013150000000000002
1.3646440505981445 0.0013200000000000002
1.364401936531067 0.001325
1.3641599416732788 0.00133
1.3639179468154907 0.001335
1.3636760711669922 0.00134
1.3634343147277832 0.001345
1.3631926774978638 0.00135
1.3629511594772339 0.001355
1.3627097606658936 0.00136
1.3624683618545532 0.0013650000000000001
1.3622270822525024 0.0013700000000000001
1.3619859218597412 0.0013750000000000001
1.3617448806762695 0.0013800000000000002
1.3615039587020874 0.0013850000000000002
1.3612631559371948 0.0013900000000000002
1.3610223531723022 0.0013950000000000002
1.3607816696166992 0.0014000000000000002
1.3605411052703857 0.0014050000000000002
1.3603006601333618 0.00141
1.3600603342056274 0.001415
1.359820008277893 0.00142
1.3595798015594482 0.001425
1.359339714050293 0.00143
1.3590997457504272 0.001435
1.358859896659851 0.00144
1.3586201667785645 0.001445
1.3583804368972778 0.0014500000000000001
1.3581408262252808 0.0014550000000000001
1.3579013347625732 0.0014600000000000001
1.3576619625091553 0.0014650000000000002
1.3574227094650269 0.0014700000000000002
1.3571834564208984 0.0014750000000000002
1.3569443225860596 0.0014800000000000002
1.3567053079605103 0.0014850000000000002
1.3564664125442505 0.0014900000000000002
1.3562276363372803 0.001495
1.35598886013031 0.0015
1.3557502031326294 0.001505
1.3555116653442383 0.00151
1.3552732467651367 0.001515
1.3550349473953247 0.00152
1.3547966480255127 0.001525
1.3545584678649902 0.0015300000000000001
1.3543204069137573 0.0015350000000000001
1.354082465171814 0.0015400000000000001
1.3538446426391602 0.0015450000000000001
1.353606939315796 0.0015500000000000002
1.3533692359924316 0.0015550000000000002
1.353131651878357 0.0015600000000000002
1.3528941869735718 0.0015650000000000002
1.3526568412780762 0.0015700000000000002
1.3524194955825806 0.0015750000000000002
1.3521822690963745 0.00158
1.351945161819458 0.001585
1.351708173751831 0.00159
1.3514713048934937 0.001595
1.3512344360351562 0.0016
1.3509976863861084 0.001605
1.35076105594635 0.00161
1.3505245447158813 0.0016150000000000001
1.3502881526947021 0.0016200000000000001
1.350051760673523 0.0016250000000000001
1.3498154878616333 0.0016300000000000002
1.3495793342590332 0.0016350000000000002
1.3493432998657227 0.0016400000000000002
1.3491073846817017 0.0016450000000000002
1.3488714694976807 0.0016500000000000002
1.3486356735229492 0.0016550000000000002
1.3483999967575073 0.0016600000000000002
1.348164439201355 0.001665
1.3479288816452026 0.00167
1.3476934432983398 0.001675
1.3474581241607666 0.00168
1.347222924232483 0.001685
1.3469878435134888 0.00169
1.3467527627944946 0.0016950000000000001
1.34651780128479 0.0017000000000000001
1.346282958984375 0.0017050000000000001
1.3460482358932495 0.0017100000000000001
1.3458136320114136 0.0017150000000000002
1.3455790281295776 0.0017200000000000002
1.3453445434570312 0.0017250000000000002
1.3451101779937744 0.0017300000000000002
1.3448759317398071 0.0017350000000000002
1.3446416854858398 0.0017400000000000002
1.344407558441162 0.0017450000000000002
1.344173550605774 0.00175
1.3439396619796753 0.001755
1.3437057733535767 0.00176
1.3434720039367676 0.001765
1.343238353729248 0.00177
1.343004822731018 0.001775
1.3427714109420776 0.0017800000000000001
1.3425379991531372 0.0017850000000000001
1.3423047065734863 0.0017900000000000001
1.342071533203125 0.0017950000000000002
1.3418384790420532 0.0018000000000000002
1.3416054248809814 0.0018050000000000002
1.3413724899291992 0.0018100000000000002
1.3411396741867065 0.0018150000000000002
1.3409069776535034 0.0018200000000000002
1.3406742811203003 0.0018250000000000002
1.3404417037963867 0.0018300000000000002
1.3402092456817627 0.001835
1.3399769067764282 0.00184
1.3397445678710938 0.001845
1.3395123481750488 0.00185
1.3392802476882935 0.001855
1.3390482664108276 0.00186
1.3388162851333618 0.0018650000000000001
1.3385844230651855 0.0018700000000000001
1.3383526802062988 0.0018750000000000001
1.3381210565567017 0.0018800000000000002
1.337889552116394 0.0018850000000000002
1.3376580476760864 0.0018900000000000002
1.3374266624450684 0.0018950000000000002
1.3371953964233398 0.0019000000000000002
1.3369642496109009 0.0019050000000000002
1.336733102798462 0.0019100000000000002
1.3365020751953125 0.0019150000000000003
1.3362711668014526 0.0019200000000000003
1.3360403776168823 0.001925
1.335809588432312 0.00193
1.3355789184570312 0.001935
1.33534836769104 0.00194
1.3351179361343384 0.0019450000000000001
1.3348875045776367 0.0019500000000000001
1.3346571922302246 0.001955
1.334426999092102 0.0019600000000000004
1.3341968059539795 0.001965
1.3339667320251465 0.00197
1.333736777305603 0.001975
1.3335069417953491 0.00198
1.3332771062850952 0.0019850000000000002
1.3330473899841309 0.00199
1.332817792892456 0.0019950000000000002
1.3325883150100708 0.002
1.3323588371276855 0.0020050000000000003
1.3321294784545898 0.00201
1.3319002389907837 0.0020150000000000003
1.331671118736267 0.00202
1.3314419984817505 0.0020250000000000003
1.3312129974365234 0.00203
1.330984115600586 0.0020350000000000004
1.330755352973938 0.00204
1.33052659034729 0.0020450000000000004
1.3302979469299316 0.00205
1.3300694227218628 0.002055
1.3298410177230835 0.00206
1.3296126127243042 0.002065
1.3293843269348145 0.0020700000000000002
1.3291561603546143 0.002075
1.328927993774414 0.0020800000000000003
1.3286999464035034 0.002085
1.3284720182418823 0.0020900000000000003
1.3282442092895508 0.002095
1.3280164003372192 0.0021000000000000003
1.3277887105941772 0.002105
1.3275611400604248 0.0021100000000000003
1.327333688735962 0.002115
1.327106237411499 0.0021200000000000004
1.3268789052963257 0.002125
1.326651692390442 0.0021300000000000004
1.3264245986938477 0.002135
1.3261975049972534 0.00214
1.3259705305099487 0.002145
1.3257436752319336 0.00215
1.3255168199539185 0.0021550000000000002
1.3252900838851929 0.00216
1.3250634670257568 0.0021650000000000003
1.3248369693756104 0.00217
1.3246104717254639 0.0021750000000000003
1.324384093284607 0.00218
1.3241578340530396 0.0021850000000000003
1.3239315748214722 0.00219
1.3237054347991943 0.0021950000000000003
1.323479413986206 0.0022
1.3232535123825073 0.0022050000000000004
1.3230276107788086 0.00221
1.3228018283843994 0.0022150000000000004
1.3225761651992798 0.00222
1.3223505020141602 0.002225
1.32212495803833 0.00223
1.3218995332717896 0.002235
1.3216742277145386 0.0022400000000000002
1.3214489221572876 0.002245
1.3212237358093262 0.0022500000000000003
1.3209986686706543 0.002255
1.3207736015319824 0.0022600000000000003
1.3205486536026 0.002265
1.3203238248825073 0.0022700000000000003
1.320099115371704 0.002275
1.3198744058609009 0.0022800000000000003
1.3196498155593872 0.002285
1.319425344467163 0.0022900000000000004
1.319200873374939 0.002295
1.3189765214920044 0.0023000000000000004
1.3187522888183594 0.002305
1.318528175354004 0.00231
1.3183040618896484 0.0023150000000000002
1.3180800676345825 0.00232
1.3178561925888062 0.0023250000000000002
1.3176323175430298 0.00233
1.317408561706543 0.0023350000000000003
1.3171849250793457 0.00234
1.3169612884521484 0.0023450000000000003
1.3167377710342407 0.00235
1.3165143728256226 0.0023550000000000003
1.316291093826294 0.00236
1.3160678148269653 0.0023650000000000003
1.3158446550369263 0.00237
1.3156216144561768 0.0023750000000000004
1.3153985738754272 0.00238
1.3151756525039673 0.0023850000000000004
1.3149528503417969 0.00239
1.3147300481796265 0.002395
1.3145073652267456 0.0024000000000000002
1.3142848014831543 0.002405
1.3140623569488525 0.0024100000000000002
1.3138399124145508 0.002415
1.3136175870895386 0.0024200000000000003
1.313395380973816 0.002425
1.3131731748580933 0.0024300000000000003
1.3129510879516602 0.002435
1.3127291202545166 0.0024400000000000003
1.312507152557373 0.002445
1.312285304069519 0.0024500000000000004
1.3120635747909546 0.002455
1.3118418455123901 0.0024600000000000004
1.3116202354431152 0.002465
1.3113987445831299 0.0024700000000000004
1.311177372932434 0.002475
1.3109560012817383 0.00248
1.310734748840332 0.0024850000000000002
1.3105136156082153 0.00249
1.3102924823760986 0.0024950000000000003
1.3100714683532715 0.0025
1.3098505735397339 0.0025050000000000003
1.3096296787261963 0.00251
1.3094089031219482 0.0025150000000000003
1.3091882467269897 0.00252
1.3089675903320312 0.0025250000000000003
1.3087470531463623 0.00253
1.308526635169983 0.0025350000000000004
1.3083062171936035 0.00254
1.3080859184265137 0.0025450000000000004
1.3078657388687134 0.00255
1.307645559310913 0.0025550000000000004
1.3074254989624023 0.00256
1.3072055578231812 0.002565
1.30698561668396 0.0025700000000000002
1.3067657947540283 0.002575
1.3065460920333862 0.0025800000000000003
1.3063265085220337 0.002585
1.3061069250106812 0.0025900000000000003
1.3058874607086182 0.002595
1.3056681156158447 0.0026000000000000003
1.3054487705230713 0.002605
1.3052295446395874 0.0026100000000000003
1.305010437965393 0.002615
1.3047913312911987 0.0026200000000000004
1.304572343826294 0.002625
1.3043534755706787 0.0026300000000000004
1.3041346073150635 0.002635
1.3039158582687378 0.0026400000000000004
1.3036972284317017 0.002645
1.3034785985946655 0.00265
1.303260087966919 0.0026550000000000002
1.303041696548462 0.00266
1.3028233051300049 0.0026650000000000003
1.3026050329208374 0.00267
1.3023868799209595 0.0026750000000000003
1.3021687269210815 0.00268
1.3019506931304932 0.0026850000000000003
1.3017327785491943 0.00269
1.3015148639678955 0.0026950000000000003
1.3012970685958862 0.0027
1.3010793924331665 0.0027050000000000004
1.3008617162704468 0.00271
1.3006441593170166 0.0027150000000000004
1.300426721572876 0.00272
1.3002092838287354 0.0027250000000000004
1.2999919652938843 0.0027300000000000002
1.2997747659683228 0.002735
1.2995575666427612 0.0027400000000000002
1.2993404865264893 0.002745
1.2991235256195068 0.0027500000000000003
1.2989065647125244 0.002755
1.2986897230148315 0.0027600000000000003
1.2984730005264282 0.002765
1.298256278038025 0.0027700000000000003
1.2980396747589111 0.002775
1.297823190689087 0.0027800000000000004
1.2976067066192627 0.002785
1.297390341758728 0.0027900000000000004
1.297174096107483 0.002795
1.2969578504562378 0.0028000000000000004
1.2967417240142822 0.002805
1.2965255975723267 0.0028100000000000004
1.2963095903396606 0.0028150000000000002
1.2960937023162842 0.00282
1.2958778142929077 0.0028250000000000003
1.2956620454788208 0.00283
1.2954463958740234 0.0028350000000000003
1.295230746269226 0.00284
1.2950152158737183 0.0028450000000000003
1.2947998046875 0.00285
1.2945843935012817 0.0028550000000000003
1.294369101524353 0.00286
1.2941539287567139 0.0028650000000000004
1.2939387559890747 0.00287
1.293723702430725 0.0028750000000000004
1.293508768081665 0.00288
1.293293833732605 0.0028850000000000004
1.2930790185928345 0.00289
1.2928643226623535 0.0028950000000000004
1.2926496267318726 0.0029000000000000002
1.2924350500106812 0.002905
1.2922205924987793 0.0029100000000000003
1.2920061349868774 0.002915
1.2917917966842651 0.0029200000000000003
1.2915774583816528 0.002925
1.29136323928833 0.0029300000000000003
1.2911491394042969 0.002935
1.2909350395202637 0.0029400000000000003
1.29072105884552 0.002945
1.290507197380066 0.0029500000000000004
1.2902933359146118 0.002955
1.2900795936584473 0.0029600000000000004
1.2898659706115723 0.002965
1.2896523475646973 0.0029700000000000004
1.2894388437271118 0.002975
1.289225459098816 0.0029800000000000004
1.28901207447052 0.0029850000000000002
1.2887988090515137 0.00299
1.2885855436325073 0.0029950000000000003
1.2883723974227905 0.003
1.2881593704223633 0.0030050000000000003
1.287946343421936 0.00301
1.2877334356307983 0.0030150000000000003
1.2875206470489502 0.00302
1.287307858467102 0.0030250000000000003
1.2870951890945435 0.00303
1.2868826389312744 0.0030350000000000004
1.2866700887680054 0.00304
1.2864576578140259 0.0030450000000000004
1.286245346069336 0.00305
1.286033034324646 0.0030550000000000004
1.2858208417892456 0.0030600000000000002
1.2856086492538452 0.0030650000000000004
1.2853965759277344 0.0030700000000000002
1.285184621810913 0.003075
1.2849726676940918 0.0030800000000000003
1.28476083278656 0.003085
1.2845491170883179 0.0030900000000000003
1.2843374013900757 0.003095
1.284125804901123 0.0031000000000000003
1.2839142084121704 0.003105
1.2837027311325073 0.0031100000000000004
1.2834913730621338 0.003115
1.2832800149917603 0.0031200000000000004
1.2830687761306763 0.003125
1.2828576564788818 0.0031300000000000004
1.2826465368270874 0.003135
1.2824355363845825 0.0031400000000000004
1.2822245359420776 0.0031450000000000002
1.2820136547088623 0.0031500000000000005
1.2818028926849365 0.0031550000000000003
1.2815921306610107 0.00316
1.2813814878463745 0.0031650000000000003
1.2811709642410278 0.00317
1.2809604406356812 0.0031750000000000003
1.280750036239624 0.00318
1.280539631843567 0.0031850000000000003
1.2803293466567993 0.00319
1.2801191806793213 0.0031950000000000004
1.2799090147018433 0.0032
1.2796989679336548 0.0032050000000000004
1.2794890403747559 0.00321
1.279279112815857 0.0032150000000000004
1.2790693044662476 0.00322
1.2788594961166382 0.0032250000000000004
1.2786498069763184 0.0032300000000000002
1.278440237045288 0.0032350000000000005
1.2782306671142578 0.0032400000000000003
1.278021216392517 0.003245
1.277811884880066 0.0032500000000000003
1.2776025533676147 0.003255
1.2773933410644531 0.0032600000000000003
1.2771841287612915 0.003265
1.2769750356674194 0.0032700000000000003
1.276766061782837 0.003275
1.2765570878982544 0.0032800000000000004
1.2763482332229614 0.003285
1.2761393785476685 0.0032900000000000004
1.275930643081665 0.003295
1.2757220268249512 0.0033000000000000004
1.2755134105682373 0.003305
1.275304913520813 0.0033100000000000004
1.2750965356826782 0.0033150000000000002
1.2748881578445435 0.0033200000000000005
1.2746798992156982 0.0033250000000000003
1.274471640586853 0.00333
1.2742635011672974 0.0033350000000000003
1.2740554809570312 0.00334
1.2738474607467651 0.0033450000000000003
1.2736395597457886 0.00335
1.273431658744812 0.0033550000000000003
1.273223876953125 0.00336
1.2730162143707275 0.0033650000000000004
1.27280855178833 0.00337
1.2726010084152222 0.0033750000000000004
1.2723934650421143 0.00338
1.272186040878296 0.0033850000000000004
1.271978735923767 0.0033900000000000002
1.2717714309692383 0.0033950000000000004
1.271564245223999 0.0034000000000000002
1.2713571786880493 0.0034050000000000005
1.2711501121520996 0.0034100000000000003
1.2709431648254395 0.003415
1.2707362174987793 0.0034200000000000003
1.2705293893814087 0.003425
1.2703226804733276 0.0034300000000000003
1.2701159715652466 0.003435
1.269909381866455 0.0034400000000000003
1.2697027921676636 0.003445
1.2694963216781616 0.0034500000000000004
1.2692899703979492 0.003455
1.2690836191177368 0.0034600000000000004
1.268877387046814 0.003465
1.2686711549758911 0.0034700000000000004
1.2684650421142578 0.0034750000000000002
1.268259048461914 0.0034800000000000005
1.2680530548095703 0.0034850000000000003
1.2678471803665161 0.0034900000000000005
1.267641305923462 0.0034950000000000003
1.2674355506896973 0.0035
1.2672299146652222 0.0035050000000000003
1.267024278640747 0.00351
1.2668187618255615 0.0035150000000000003
1.266613245010376 0.00352
1.26640784740448 0.0035250000000000004
1.2662025690078735 0.00353
1.265997290611267 0.0035350000000000004
1.2657921314239502 0.00354
1.2655869722366333 0.0035450000000000004
1.265381932258606 0.00355
1.2651768922805786 0.0035550000000000004
1.2649719715118408 0.0035600000000000002
1.2647671699523926 0.0035650000000000005
1.2645623683929443 0.0035700000000000003
1.2643576860427856 0.0035750000000000005
1.264153003692627 0.0035800000000000003
1.2639484405517578 0.003585
1.2637439966201782 0.0035900000000000003
1.2635395526885986 0.003595
1.2633352279663086 0.0036000000000000003
1.2631309032440186 0.003605
1.262926697731018 0.0036100000000000004
1.2627226114273071 0.003615
1.2625185251235962 0.0036200000000000004
1.2623145580291748 0.003625
1.2621105909347534 0.0036300000000000004
1.2619067430496216 0.003635
1.2617030143737793 0.0036400000000000004
1.261499285697937 0.0036450000000000002
1.2612956762313843 0.0036500000000000005
1.2610920667648315 0.0036550000000000003
1.2608885765075684 0.0036600000000000005
1.2606850862503052 0.0036650000000000003
1.2604817152023315 0.00367
1.2602784633636475 0.0036750000000000003
1.2600752115249634 0.00368
1.2598720788955688 0.0036850000000000003
1.2596689462661743 0.00369
1.2594659328460693 0.0036950000000000004
1.259263038635254 0.0037
1.2590601444244385 0.0037050000000000004
1.2588573694229126 0.00371
1.2586545944213867 0.0037150000000000004
1.2584519386291504 0.00372
1.258249282836914 0.0037250000000000004
1.2580467462539673 0.0037300000000000002
1.25784432888031 0.0037350000000000005
1.2576419115066528 0.0037400000000000003
1.2574396133422852 0.0037450000000000005
1.2572373151779175 0.0037500000000000003
1.2570351362228394 0.003755
1.2568330764770508 0.0037600000000000003
1.2566310167312622 0.003765
1.2564290761947632 0.0037700000000000003
1.2562271356582642 0.003775
1.2560253143310547 0.0037800000000000004
1.2558234930038452 0.003785
1.2556217908859253 0.0037900000000000004
1.255420207977295 0.003795
1.2552186250686646 0.0038000000000000004
1.2550171613693237 0.0038050000000000002
1.254815697669983 0.0038100000000000005
1.2546143531799316 0.0038150000000000002
1.2544130086898804 0.0038200000000000005
1.2542117834091187 0.0038250000000000003
1.2540106773376465 0.0038300000000000005
1.2538095712661743 0.0038350000000000003
1.2536085844039917 0.0038400000000000005
1.253407597541809 0.0038450000000000003
1.253206729888916 0.00385
1.253005862236023 0.0038550000000000004
1.2528051137924194 0.00386
1.2526044845581055 0.0038650000000000004
1.2524038553237915 0.00387
1.252203345298767 0.0038750000000000004
1.2520028352737427 0.00388
1.2518024444580078 0.0038850000000000004
1.251602053642273 0.0038900000000000002
1.2514017820358276 0.0038950000000000005
1.2512016296386719 0.0039000000000000003
1.2510014772415161 0.0039050000000000005
1.25080144405365 0.00391
1.2506014108657837 0.003915
1.250401496887207 0.003920000000000001
1.2502015829086304 0.0039250000000000005
1.2500017881393433 0.00393
1.2498021125793457 0.003935
1.2496024370193481 0.00394
1.2494028806686401 0.003945000000000001
1.2492033243179321 0.00395
1.2490038871765137 0.003955
1.2488044500350952 0.00396
1.2486051321029663 0.003965000000000001
1.248405933380127 0.0039700000000000004
1.2482067346572876 0.003975
1.2480076551437378 0.00398
1.247808575630188 0.003985000000000001
1.2476096153259277 0.0039900000000000005
1.2474106550216675 0.003995
1.2472118139266968 0.004
1.247012972831726 0.004005000000000001
1.246814250946045 0.0040100000000000005
1.2466156482696533 0.004015
1.2464170455932617 0.00402
1.2462185621261597 0.004025
1.2460200786590576 0.004030000000000001
1.2458217144012451 0.004035
1.2456233501434326 0.00404
1.2454251050949097 0.004045
1.2452268600463867 0.004050000000000001
1.2450287342071533 0.0040550000000000004
1.2448307275772095 0.00406
1.2446327209472656 0.004065
1.2444348335266113 0.004070000000000001
1.244236946105957 0.0040750000000000005
1.2440391778945923 0.00408
1.2438414096832275 0.004085
1.2436437606811523 0.004090000000000001
1.2434461116790771 0.0040950000000000005
1.2432485818862915 0.0041
1.2430511713027954 0.004105
1.2428537607192993 0.00411
1.2426564693450928 0.004115000000000001
1.2424591779708862 0.00412
1.2422620058059692 0.004125
1.2420648336410522 0.00413
1.2418677806854248 0.004135000000000001
1.2416707277297974 0.0041400000000000005
1.2414737939834595 0.004145
1.2412769794464111 0.00415
1.2410801649093628 0.004155000000000001
1.240883469581604 0.0041600000000000005
1.2406867742538452 0.004165
1.240490198135376 0.00417
1.2402936220169067 0.004175000000000001
1.240097165107727 0.0041800000000000006
1.2399007081985474 0.004185
1.2397043704986572 0.00419
1.2395081520080566 0.004195
1.239311933517456 0.004200000000000001
1.239115834236145 0.004205
1.238919734954834 0.00421
1.2387237548828125 0.004215
1.238527774810791 0.004220000000000001
1.238331913948059 0.0042250000000000005
1.2381360530853271 0.00423
1.2379403114318848 0.004235
1.2377445697784424 0.004240000000000001
1.2375489473342896 0.0042450000000000005
1.2373534440994263 0.00425
1.237157940864563 0.004255
1.2369625568389893 0.004260000000000001
1.2367671728134155 0.0042650000000000006
1.2365719079971313 0.00427
1.2363766431808472 0.004275
1.2361814975738525 0.00428
1.235986351966858 0.004285000000000001
1.2357913255691528 0.00429
1.2355962991714478 0.004295
1.2354013919830322 0.0043
1.2352066040039062 0.004305000000000001
1.2350118160247803 0.0043100000000000005
1.2348171472549438 0.004315
1.2346224784851074 0.00432
1.2344279289245605 0.004325000000000001
1.2342333793640137 0.0043300000000000005
1.2340389490127563 0.004335
1.233844518661499 0.00434
1.2336502075195312 0.004345000000000001
1.2334558963775635 0.004350000000000001
1.2332617044448853 0.004355
1.233067512512207 0.00436
1.2328734397888184 0.004365
1.2326794862747192 0.004370000000000001
1.2324855327606201 0.004375
1.2322916984558105 0.00438
1.232097864151001 0.004385
1.231904149055481 0.004390000000000001
1.231710433959961 0.0043950000000000005
1.2315168380737305 0.0044
1.2313232421875 0.004405
1.231129765510559 0.004410000000000001
1.2309362888336182 0.0044150000000000005
1.2307429313659668 0.00442
1.2305495738983154 0.004425
1.2303563356399536 0.004430000000000001
1.2301632165908813 0.004435000000000001
1.229970097541809 0.00444
1.2297770977020264 0.004445
1.2295840978622437 0.00445
1.2293912172317505 0.004455000000000001
1.2291983366012573 0.00446
1.2290055751800537 0.004465
1.22881281375885 0.00447
1.228620171546936 0.004475000000000001
1.228427529335022 0.0044800000000000005
1.2282350063323975 0.004485
1.228042483329773 0.00449
1.227850079536438 0.004495000000000001
1.227657675743103 0.0045000000000000005
1.2274653911590576 0.004505
1.2272731065750122 0.00451
1.2270809412002563 0.004515000000000001
1.22688889503479 0.004520000000000001
1.2266968488693237 0.004525
1.226504921913147 0.00453
1.2263129949569702 0.004535
1.226121187210083 0.004540000000000001
1.2259293794631958 0.004545
1.2257376909255981 0.00455
1.2255460023880005 0.004555
1.2253544330596924 0.004560000000000001
1.2251628637313843 0.0045650000000000005
1.2249714136123657 0.00457
1.2247799634933472 0.004575
1.2245886325836182 0.004580000000000001
1.2243973016738892 0.0045850000000000005
1.2242060899734497 0.00459
1.2240148782730103 0.004595
1.2238237857818604 0.004600000000000001
1.2236326932907104 0.004605000000000001
1.22344172000885 0.00461
1.2232508659362793 0.004615
1.2230600118637085 0.00462
1.2228692770004272 0.004625000000000001
1.222678542137146 0.0046300000000000004
1.2224879264831543 0.004635
1.2222973108291626 0.00464
1.2221068143844604 0.004645000000000001
1.2219163179397583 0.0046500000000000005
1.2217259407043457 0.004655
1.221535563468933 0.00466
1.22134530544281 0.004665000000000001
1.221155047416687 0.0046700000000000005
1.2209649085998535 0.004675
1.22077476978302 0.00468
1.220584750175476 0.004685000000000001
1.2203947305679321 0.004690000000000001
1.2202048301696777 0.004695
1.2200149297714233 0.0047
1.2198251485824585 0.004705
1.2196353673934937 0.004710000000000001
1.2194457054138184 0.0047150000000000004
1.219256043434143 0.00472
1.2190665006637573 0.004725
1.2188769578933716 0.004730000000000001
1.2186875343322754 0.0047350000000000005
1.2184981107711792 0.00474
1.2183088064193726 0.004745
1.2181196212768555 0.004750000000000001
1.2179304361343384 0.0047550000000000005
1.2177413702011108 0.00476
1.2175523042678833 0.004765
1.2173633575439453 0.004770000000000001
1.2171744108200073 0.004775000000000001
1.2169855833053589 0.00478
1.2167967557907104 0.004785
1.2166080474853516 0.00479
1.2164193391799927 0.004795000000000001
1.2162307500839233 0.0048000000000000004
1.216042160987854 0.004805
1.2158536911010742 0.00481
1.2156652212142944 0.004815000000000001
1.2154768705368042 0.0048200000000000005
1.215288519859314 0.004825
1.2151002883911133 0.00483
1.2149120569229126 0.004835000000000001
1.2147239446640015 0.0048400000000000006
1.2145358324050903 0.004845
1.2143478393554688 0.00485
1.2141598463058472 0.004855000000000001
1.2139719724655151 0.004860000000000001
1.213784098625183 0.004865
1.2135963439941406 0.00487
1.2134085893630981 0.004875
1.2132209539413452 0.004880000000000001
1.2130333185195923 0.0048850000000000005
1.212845802307129 0.00489
1.2126582860946655 0.004895
1.2124708890914917 0.004900000000000001
1.2122834920883179 0.0049050000000000005
1.2120962142944336 0.00491
1.2119089365005493 0.004915
1.2117217779159546 0.004920000000000001
1.2115346193313599 0.0049250000000000006
1.2113475799560547 0.00493
1.2111605405807495 0.004935
1.2109736204147339 0.004940000000000001
1.2107867002487183 0.004945000000000001
1.2105998992919922 0.00495
1.2104130983352661 0.004955
1.2102264165878296 0.00496
1.210039734840393 0.004965000000000001
1.209853172302246 0.0049700000000000005
1.2096666097640991 0.004975
1.2094801664352417 0.00498
1.2092937231063843 0.004985000000000001
1.2091073989868164 0.0049900000000000005
1.2089210748672485 0.004995
1.2087348699569702 0.005
1.208548665046692 0.005005000000000001
1.2083625793457031 0.0050100000000000006
1.2081764936447144 0.005015
1.2079905271530151 0.00502
1.207804560661316 0.005025000000000001
1.2076187133789062 0.005030000000000001
1.2074328660964966 0.005035
1.2072471380233765 0.00504
1.2070614099502563 0.005045
1.2068758010864258 0.005050000000000001
1.2066901922225952 0.0050550000000000005
1.2065047025680542 0.00506
1.2063192129135132 0.005065
1.2061338424682617 0.005070000000000001
1.2059484720230103 0.0050750000000000005
1.2057632207870483 0.00508
1.2055779695510864 0.005085
1.205392837524414 0.005090000000000001
1.2052077054977417 0.005095000000000001
1.2050226926803589 0.0051
1.204837679862976 0.005105
1.2046527862548828 0.005110000000000001
1.2044678926467896 0.005115000000000001
1.2042831182479858 0.00512
1.2040983438491821 0.005125
1.203913688659668 0.00513
1.2037290334701538 0.005135000000000001
1.2035444974899292 0.0051400000000000005
1.2033599615097046 0.005145
1.2031755447387695 0.00515
1.2029911279678345 0.005155000000000001
1.202806830406189 0.0051600000000000005
1.2026225328445435 0.005165
1.2024383544921875 0.00517
1.2022541761398315 0.005175000000000001
1.2020701169967651 0.005180000000000001
1.2018860578536987 0.005185
1.2017021179199219 0.00519
1.201518177986145 0.005195000000000001
1.2013343572616577 0.005200000000000001
1.2011505365371704 0.005205
1.2009668350219727 0.00521
1.200783133506775 0.005215
1.2005995512008667 0.005220000000000001
1.2004159688949585 0.0052250000000000005
1.2002325057983398 0.00523
1.2000490427017212 0.005235
1.199865698814392 0.005240000000000001
1.199682354927063 0.0052450000000000005
1.1994991302490234 0.00525
1.1993159055709839 0.005255
1.1991328001022339 0.005260000000000001
1.1989496946334839 0.005265000000000001
1.1987665891647339 0.00527
1.1985836029052734 0.005275
1.198400616645813 0.005280000000000001
1.198217749595642 0.005285000000000001
1.1980348825454712 0.00529
1.1978521347045898 0.005295
1.1976693868637085 0.0053
1.1974867582321167 0.005305000000000001
1.197304129600525 0.0053100000000000005
1.1971216201782227 0.005315
1.1969391107559204 0.00532
1.1967567205429077 0.005325000000000001
1.196574330329895 0.0053300000000000005
1.1963920593261719 0.005335
1.1962097883224487 0.00534
1.1960276365280151 0.005345000000000001
1.1958454847335815 0.005350000000000001
1.1956634521484375 0.005355
1.1954814195632935 0.00536
1.195299506187439 0.005365000000000001
1.1951175928115845 0.005370000000000001
1.1949357986450195 0.0053750000000000004
1.1947540044784546 0.00538
1.1945723295211792 0.005385
1.1943906545639038 0.005390000000000001
1.194209098815918 0.0053950000000000005
1.1940275430679321 0.0054
1.1938459873199463 0.005405
1.19366455078125 0.005410000000000001
1.1934831142425537 0.0054150000000000005
1.193301796913147 0.00542
1.1931204795837402 0.005425
1.192939281463623 0.005430000000000001
1.1927580833435059 0.005435000000000001
1.1925770044326782 0.00544
1.1923959255218506 0.005445
1.1922149658203125 0.005450000000000001
1.1920340061187744 0.005455000000000001
1.1918531656265259 0.0054600000000000004
1.1916723251342773 0.005465
1.1914916038513184 0.00547
1.1913108825683594 0.005475000000000001
1.19113028049469 0.0054800000000000005
1.1909496784210205 0.005485
1.1907691955566406 0.00549
1.1905887126922607 0.005495000000000001
1.1904083490371704 0.0055000000000000005
1.19022798538208 0.005505
1.1900476217269897 0.00551
1.189867377281189 0.005515000000000001
1.1896871328353882 0.005520000000000001
1.189507007598877 0.005525
1.1893268823623657 0.00553
1.189146876335144 0.005535000000000001
1.1889668703079224 0.005540000000000001
1.1887869834899902 0.0055450000000000004
1.188607096672058 0.00555
1.1884273290634155 0.005555
1.188247561454773 0.005560000000000001
1.18806791305542 0.0055650000000000005
1.187888264656067 0.00557
1.1877087354660034 0.005575
1.18752920627594 0.005580000000000001
1.187349796295166 0.0055850000000000006
1.187170386314392 0.00559
1.1869910955429077 0.005595
1.1868118047714233 0.005600000000000001
1.186632513999939 0.005605000000000001
1.1864533424377441 0.00561
1.1862741708755493 0.005615
1.186095118522644 0.005620000000000001
1.1859160661697388 0.005625000000000001
1.185737133026123 0.0056300000000000005
1.1855581998825073 0.005635
1.1853793859481812 0.00564
1.185200572013855 0.005645000000000001
1.1850218772888184 0.0056500000000000005
1.1848431825637817 0.005655
1.1846646070480347 0.00566
1.1844860315322876 0.005665000000000001
1.18430757522583 0.0056700000000000006
1.1841291189193726 0.005675
1.183950662612915 0.00568
1.183772325515747 0.005685000000000001
1.183593988418579 0.005690000000000001
1.1834157705307007 0.005695
1.1832375526428223 0.0057
1.1830594539642334 0.005705000000000001
1.1828813552856445 0.005710000000000001
1.1827033758163452 0.0057150000000000005
1.182525396347046 0.00572
1.1823475360870361 0.005725
1.1821696758270264 0.005730000000000001
1.1819919347763062 0.0057350000000000005
1.181814193725586 0.00574
1.1816364526748657 0.005745
1.181458830833435 0.005750000000000001
1.1812812089920044 0.005755000000000001
1.1811037063598633 0.00576
1.1809262037277222 0.005765
1.1807488203048706 0.005770000000000001
1.180571436882019 0.005775000000000001
1.180394172668457 0.00578
1.180216908454895 0.005785
1.1800397634506226 0.005790000000000001
1.17986261844635 0.005795000000000001
1.1796855926513672 0.0058000000000000005
1.1795085668563843 0.005805
1.1793315410614014 0.00581
1.179154634475708 0.005815000000000001
1.1789777278900146 0.0058200000000000005
1.1788009405136108 0.005825
