1.43215012550354 5e-06
1.4319058656692505 1e-05
1.4316617250442505 1.5000000000000002e-05
1.43141770362854 2e-05
1.4311738014221191 2.5e-05
1.4309300184249878 3.0000000000000004e-05
1.430686354637146 3.5000000000000004e-05
1.4304428100585938 4e-05
1.430199384689331 4.5e-05
1.429956078529358 5e-05
1.4297127723693848 5.5e-05
1.4294695854187012 6.000000000000001e-05
1.4292265176773071 6.500000000000001e-05
1.4289835691452026 7.000000000000001e-05
1.4287407398223877 7.500000000000001e-05
1.4284980297088623 8e-05
1.4282554388046265 8.5e-05
1.4280129671096802 9e-05
1.4277706146240234 9.5e-05
1.4275283813476562 0.0001
1.4272862672805786 0.000105
1.427044153213501 0.00011
1.426802158355713 0.000115
1.4265602827072144 0.00012000000000000002
1.4263185262680054 0.000125
1.426076889038086 0.00013000000000000002
1.425835371017456 0.000135
1.4255939722061157 0.00014000000000000001
1.425352692604065 0.000145
1.4251115322113037 0.00015000000000000001
1.4248703718185425 0.000155
1.4246293306350708 0.00016
1.4243884086608887 0.00016500000000000003
1.424147605895996 0.00017
1.423906922340393 0.00017500000000000003
1.4236663579940796 0.00018
1.4234259128570557 0.00018500000000000002
1.4231855869293213 0.00019
1.4229453802108765 0.00019500000000000002
1.4227051734924316 0.0002
1.4224650859832764 0.00020500000000000002
1.4222251176834106 0.00021
1.4219852685928345 0.00021500000000000002
1.4217455387115479 0.00022
1.4215059280395508 0.00022500000000000002
1.4212664365768433 0.00023
1.4210270643234253 0.00023500000000000002
1.4207876920700073 0.00024000000000000003
1.420548439025879 0.00024500000000000005
1.42030930519104 0.00025
1.4200702905654907 0.000255
1.419831395149231 0.00026000000000000003
1.4195926189422607 0.00026500000000000004
1.41935396194458 0.00027
1.419115424156189 0.000275
1.4188768863677979 0.00028000000000000003
1.4186384677886963 0.00028500000000000004
1.4184001684188843 0.00029
1.4181619882583618 0.000295
1.417923927307129 0.00030000000000000003
1.4176859855651855 0.00030500000000000004
1.4174481630325317 0.00031
1.417210340499878 0.000315
1.4169726371765137 0.00032
1.416735053062439 0.00032500000000000004
1.4164975881576538 0.00033000000000000005
1.4162602424621582 0.000335
1.4160230159759521 0.00034
1.415785789489746 0.00034500000000000004
1.4155486822128296 0.00035000000000000005
1.4153116941452026 0.000355
1.4150748252868652 0.00036
1.4148380756378174 0.00036500000000000004
1.414601445198059 0.00037000000000000005
1.4143648147583008 0.000375
1.414128303527832 0.00038
1.4138919115066528 0.00038500000000000003
1.4136556386947632 0.00039000000000000005
1.413419485092163 0.000395
1.4131834506988525 0.0004
1.4129475355148315 0.00040500000000000003
1.4127116203308105 0.00041000000000000005
1.412475824356079 0.00041500000000000006
1.4122401475906372 0.00042
1.4120045900344849 0.00042500000000000003
1.411769151687622 0.00043000000000000004
1.4115337133407593 0.00043500000000000006
1.411298394203186 0.00044
1.4110631942749023 0.00044500000000000003
1.4108281135559082 0.00045000000000000004
1.4105931520462036 0.00045500000000000006
1.4103583097457886 0.00046
1.4101234674453735 0.000465
1.409888744354248 0.00047000000000000004
1.409654140472412 0.00047500000000000005
1.4094196557998657 0.00048000000000000007
1.4091852903366089 0.000485
1.408950924873352 0.0004900000000000001
1.4087166786193848 0.000495
1.408482551574707 0.0005
1.4082485437393188 0.000505
1.4080146551132202 0.00051
1.4077808856964111 0.000515
1.407547116279602 0.0005200000000000001
1.4073134660720825 0.0005250000000000001
1.4070799350738525 0.0005300000000000001
1.406846523284912 0.000535
1.4066132307052612 0.00054
1.4063799381256104 0.000545
1.406146764755249 0.00055
1.4059137105941772 0.000555
1.405680775642395 0.0005600000000000001
1.4054479598999023 0.0005650000000000001
1.4052151441574097 0.0005700000000000001
1.4049824476242065 0.0005750000000000001
1.404749870300293 0.00058
1.404517412185669 0.000585
1.4042850732803345 0.00059
1.404052734375 0.000595
1.403820514678955 0.0006000000000000001
1.4035884141921997 0.0006050000000000001
1.4033564329147339 0.0006100000000000001
1.4031245708465576 0.0006150000000000001
1.4028927087783813 0.00062
1.4026609659194946 0.000625
1.4024293422698975 0.00063
1.4021978378295898 0.000635
1.4019664525985718 0.00064
1.4017350673675537 0.0006450000000000001
1.4015038013458252 0.0006500000000000001
1.4012726545333862 0.0006550000000000001
1.4010416269302368 0.0006600000000000001
1.4008105993270874 0.000665
1.4005796909332275 0.00067
1.4003489017486572 0.000675
1.4001182317733765 0.00068
1.3998876810073853 0.0006850000000000001
1.399657130241394 0.0006900000000000001
1.3994266986846924 0.0006950000000000001
1.3991963863372803 0.0007000000000000001
1.3989661931991577 0.000705
1.3987360000610352 0.00071
1.3985059261322021 0.000715
1.3982759714126587 0.00072
1.3980461359024048 0.0007250000000000001
1.3978164196014404 0.0007300000000000001
1.397586703300476 0.0007350000000000001
1.3973571062088013 0.0007400000000000001
1.397127628326416 0.0007450000000000001
1.3968982696533203 0.00075
1.3966689109802246 0.000755
1.3964396715164185 0.00076
1.3962105512619019 0.0007650000000000001
1.3959815502166748 0.0007700000000000001
1.3957525491714478 0.0007750000000000001
1.3955236673355103 0.0007800000000000001
1.3952949047088623 0.0007850000000000001
1.395066261291504 0.00079
1.3948376178741455 0.000795
1.3946090936660767 0.0008
1.3943806886672974 0.000805
1.3941524028778076 0.0008100000000000001
1.3939242362976074 0.0008150000000000001
1.3936960697174072 0.0008200000000000001
1.3934680223464966 0.0008250000000000001
1.3932400941848755 0.0008300000000000001
1.393012285232544 0.000835
1.3927844762802124 0.00084
1.3925567865371704 0.000845
1.392329216003418 0.0008500000000000001
1.392101764678955 0.0008550000000000001
1.3918743133544922 0.0008600000000000001
1.3916469812393188 0.0008650000000000001
1.391419768333435 0.0008700000000000001
1.3911926746368408 0.000875
1.3909655809402466 0.00088
1.390738606452942 0.000885
1.3905117511749268 0.0008900000000000001
1.3902848958969116 0.0008950000000000001
1.390058159828186 0.0009000000000000001
1.38983154296875 0.0009050000000000001
1.3896050453186035 0.0009100000000000001
1.389378547668457 0.0009150000000000001
1.3891521692276 0.00092
1.3889259099960327 0.000925
1.3886997699737549 0.00093
1.388473629951477 0.0009350000000000001
1.3882476091384888 0.0009400000000000001
1.38802170753479 0.0009450000000000001
1.3877959251403809 0.0009500000000000001
1.3875701427459717 0.0009550000000000001
1.387344479560852 0.0009600000000000001
1.387118935585022 0.000965
1.3868935108184814 0.00097
1.386668086051941 0.0009750000000000001
1.38644278049469 0.0009800000000000002
1.3862175941467285 0.000985
1.3859925270080566 0.00099
1.3857674598693848 0.000995
1.3855425119400024 0.001
1.3853176832199097 0.001005
1.385092854499817 0.00101
1.3848681449890137 0.001015
1.3846435546875 0.00102
1.3844190835952759 0.001025
1.3841946125030518 0.00103
1.3839702606201172 0.0010350000000000001
1.3837460279464722 0.0010400000000000001
1.3835219144821167 0.0010450000000000001
1.3832978010177612 0.0010500000000000002
1.3830738067626953 0.0010550000000000002
1.382849931716919 0.0010600000000000002
1.3826260566711426 0.0010650000000000002
1.3824023008346558 0.00107
1.3821786642074585 0.001075
1.3819551467895508 0.00108
1.381731629371643 0.001085
1.381508231163025 0.00109
1.3812849521636963 0.001095
1.3810616731643677 0.0011
1.3808385133743286 0.001105
1.380615472793579 0.00111
1.3803925514221191 0.001115
1.3801696300506592 0.0011200000000000001
1.3799468278884888 0.0011250000000000001
1.379724144935608 0.0011300000000000001
1.379501461982727 0.0011350000000000002
1.3792788982391357 0.0011400000000000002
1.379056453704834 0.0011450000000000002
1.3788341283798218 0.0011500000000000002
1.3786118030548096 0.001155
1.378389596939087 0.00116
1.3781675100326538 0.001165
1.3779454231262207 0.00117
1.3777234554290771 0.001175
1.3775016069412231 0.00118
1.3772798776626587 0.001185
1.3770581483840942 0.00119
1.3768365383148193 0.001195
1.376615047454834 0.0012000000000000001
1.3763935565948486 0.0012050000000000001
1.3761721849441528 0.0012100000000000001
1.3759509325027466 0.0012150000000000002
1.3757296800613403 0.0012200000000000002
1.3755085468292236 0.0012250000000000002
1.3752875328063965 0.0012300000000000002
1.3750666379928589 0.0012350000000000002
1.3748457431793213 0.00124
1.3746249675750732 0.001245
1.3744043111801147 0.00125
1.3741836547851562 0.001255
1.3739631175994873 0.00126
1.373742699623108 0.001265
1.3735222816467285 0.00127
1.3733019828796387 0.001275
1.3730818033218384 0.00128
1.372861623764038 0.0012850000000000001
1.3726415634155273 0.0012900000000000001
1.3724216222763062 0.0012950000000000001
1.3722018003463745 0.0013000000000000002
1.3719819784164429 0.0013050000000000002
1.3717622756958008 0.0013100000000000002
1.3715426921844482 0.0013150000000000002
1.3713231086730957 0.0013200000000000002
1.3711036443710327 0.001325
1.3708842992782593 0.00133
1.3706649541854858 0.001335
1.370445728302002 0.00134
1.3702266216278076 0.001345
1.3700075149536133 0.00135
1.3697885274887085 0.001355
1.3695696592330933 0.00136
1.369350790977478 0.0013650000000000001
1.3691320419311523 0.0013700000000000001
1.3689134120941162 0.0013750000000000001
1.3686949014663696 0.0013800000000000002
1.368476390838623 0.0013850000000000002
1.368257999420166 0.0013900000000000002
1.3680397272109985 0.0013950000000000002
1.367821455001831 0.0014000000000000002
1.3676033020019531 0.0014050000000000002
1.3673852682113647 0.00141
1.3671672344207764 0.001415
1.3669493198394775 0.00142
1.3667315244674683 0.001425
1.366513729095459 0.00143
1.3662960529327393 0.001435
1.366078495979309 0.00144
1.365860939025879 0.001445
1.3656435012817383 0.0014500000000000001
1.3654261827468872 0.0014550000000000001
1.3652088642120361 0.0014600000000000001
1.3649916648864746 0.0014650000000000002
1.3647745847702026 0.0014700000000000002
1.3645575046539307 0.0014750000000000002
1.3643405437469482 0.0014800000000000002
1.3641237020492554 0.0014850000000000002
1.3639068603515625 0.0014900000000000002
1.3636901378631592 0.001495
1.3634735345840454 0.0015
1.3632569313049316 0.001505
1.3630404472351074 0.00151
1.3628240823745728 0.001515
1.362607717514038 0.00152
1.362391471862793 0.001525
1.3621753454208374 0.0015300000000000001
1.3619592189788818 0.0015350000000000001
1.3617432117462158 0.0015400000000000001
1.3615273237228394 0.0015450000000000001
1.361311435699463 0.0015500000000000002
1.361095666885376 0.0015550000000000002
1.3608800172805786 0.0015600000000000002
1.3606643676757812 0.0015650000000000002
1.3604488372802734 0.0015700000000000002
1.3602334260940552 0.0015750000000000002
1.360018014907837 0.00158
1.3598027229309082 0.001585
1.359587550163269 0.00159
1.3593723773956299 0.001595
1.3591573238372803 0.0016
1.3589423894882202 0.001605
1.3587274551391602 0.00161
1.3585126399993896 0.0016150000000000001
1.3582978248596191 0.0016200000000000001
1.3580831289291382 0.0016250000000000001
1.3578685522079468 0.0016300000000000002
1.3576539754867554 0.0016350000000000002
1.3574395179748535 0.0016400000000000002
1.3572251796722412 0.0016450000000000002
1.357010841369629 0.0016500000000000002
1.3567966222763062 0.0016550000000000002
1.356582522392273 0.0016600000000000002
1.3563684225082397 0.001665
1.356154441833496 0.00167
1.355940580368042 0.001675
1.355726718902588 0.00168
1.3555129766464233 0.001685
1.3552993535995483 0.00169
1.3550857305526733 0.0016950000000000001
1.354872226715088 0.0017000000000000001
1.354658842086792 0.0017050000000000001
1.354445457458496 0.0017100000000000001
1.3542321920394897 0.0017150000000000002
1.3540189266204834 0.0017200000000000002
1.3538057804107666 0.0017250000000000002
1.3535927534103394 0.0017300000000000002
1.353379726409912 0.0017350000000000002
1.3531668186187744 0.0017400000000000002
1.3529540300369263 0.0017450000000000002
1.3527412414550781 0.00175
1.3525285720825195 0.001755
1.3523160219192505 0.00176
1.3521034717559814 0.001765
1.351891040802002 0.00177
1.351678729057312 0.001775
1.351466417312622 0.0017800000000000001
1.3512542247772217 0.0017850000000000001
1.3510420322418213 0.0017900000000000001
1.3508299589157104 0.0017950000000000002
1.3506180047988892 0.0018000000000000002
1.3504060506820679 0.0018050000000000002
1.3501942157745361 0.0018100000000000002
1.349982500076294 0.0018150000000000002
1.3497707843780518 0.0018200000000000002
1.3495591878890991 0.0018250000000000002
1.3493475914001465 0.0018300000000000002
1.3491361141204834 0.001835
1.3489247560501099 0.00184
1.3487133979797363 0.001845
1.3485021591186523 0.00185
1.348291039466858 0.001855
1.3480799198150635 0.00186
1.3478689193725586 0.0018650000000000001
1.3476580381393433 0.0018700000000000001
1.347447156906128 0.0018750000000000001
1.3472363948822021 0.0018800000000000002
1.3470256328582764 0.0018850000000000002
1.3468149900436401 0.0018900000000000002
1.3466044664382935 0.0018950000000000002
1.3463939428329468 0.0019000000000000002
1.3461835384368896 0.0019050000000000002
1.345973253250122 0.0019100000000000002
1.3457629680633545 0.0019150000000000003
1.3455528020858765 0.0019200000000000003
1.3453426361083984 0.001925
1.34513258934021 0.00193
1.344922661781311 0.001935
1.344712734222412 0.00194
1.3445029258728027 0.0019450000000000001
1.3442931175231934 0.0019500000000000001
1.3440834283828735 0.001955
1.3438738584518433 0.0019600000000000004
1.343664288520813 0.001965
1.3434548377990723 0.00197
1.343245506286621 0.001975
1.34303617477417 0.00198
1.3428269624710083 0.0019850000000000002
1.3426177501678467 0.00199
1.3424086570739746 0.0019950000000000002
1.342199683189392 0.002
1.3419907093048096 0.0020050000000000003
1.3417818546295166 0.00201
1.3415731191635132 0.0020150000000000003
1.3413643836975098 0.00202
1.341155767440796 0.0020250000000000003
1.340947151184082 0.00203
1.3407386541366577 0.0020350000000000004
1.340530276298523 0.00204
1.3403218984603882 0.0020450000000000004
1.340113639831543 0.00205
1.3399053812026978 0.002055
1.339697241783142 0.00206
1.339489221572876 0.002065
1.3392812013626099 0.0020700000000000002
1.3390733003616333 0.002075
1.3388653993606567 0.0020800000000000003
1.3386576175689697 0.002085
1.3384499549865723 0.0020900000000000003
1.3382422924041748 0.002095
1.338034749031067 0.0021000000000000003
1.3378273248672485 0.002105
1.3376199007034302 0.0021100000000000003
1.3374125957489014 0.002115
1.3372052907943726 0.0021200000000000004
1.3369981050491333 0.002125
1.3367910385131836 0.0021300000000000004
1.3365839719772339 0.002135
1.3363770246505737 0.00214
1.3361700773239136 0.002145
1.335963249206543 0.00215
1.335756540298462 0.0021550000000000002
1.3355498313903809 0.00216
1.3353432416915894 0.0021650000000000003
1.3351366519927979 0.00217
1.334930181503296 0.0021750000000000003
1.3347238302230835 0.00218
1.334517478942871 0.0021850000000000003
1.3343112468719482 0.00219
1.3341050148010254 0.0021950000000000003
1.333898901939392 0.0022
1.3336929082870483 0.0022050000000000004
1.3334869146347046 0.00221
1.3332810401916504 0.0022150000000000004
1.3330751657485962 0.00222
1.3328694105148315 0.002225
1.332663655281067 0.00223
1.3324580192565918 0.002235
1.3322525024414062 0.0022400000000000002
1.3320469856262207 0.002245
1.3318415880203247 0.0022500000000000003
1.3316361904144287 0.002255
1.3314309120178223 0.0022600000000000003
1.3312257528305054 0.002265
1.3310205936431885 0.0022700000000000003
1.3308155536651611 0.002275
1.3306105136871338 0.0022800000000000003
1.330405592918396 0.002285
1.3302007913589478 0.0022900000000000004
1.3299959897994995 0.002295
1.3297913074493408 0.0023000000000000004
1.3295866250991821 0.002305
1.329382061958313 0.00231
1.3291776180267334 0.0023150000000000002
1.3289731740951538 0.00232
1.3287688493728638 0.0023250000000000002
1.3285645246505737 0.00233
1.3283603191375732 0.0023350000000000003
1.3281561136245728 0.00234
1.3279520273208618 0.0023450000000000003
1.3277480602264404 0.00235
1.327544093132019 0.0023550000000000003
1.3273402452468872 0.00236
1.3271363973617554 0.0023650000000000003
1.326932668685913 0.00237
1.3267290592193604 0.0023750000000000004
1.3265254497528076 0.00238
1.3263219594955444 0.0023850000000000004
1.3261184692382812 0.00239
1.3259150981903076 0.002395
1.325711727142334 0.0024000000000000002
1.32550847530365 0.002405
1.3253053426742554 0.0024100000000000002
1.3251022100448608 0.002415
1.3248991966247559 0.0024200000000000003
1.3246961832046509 0.002425
1.3244932889938354 0.0024300000000000003
1.3242905139923096 0.002435
1.3240877389907837 0.0024400000000000003
1.3238850831985474 0.002445
1.323682427406311 0.0024500000000000004
1.3234798908233643 0.002455
1.3232773542404175 0.0024600000000000004
1.3230749368667603 0.002465
1.3228726387023926 0.0024700000000000004
1.322670340538025 0.002475
1.3224681615829468 0.00248
1.3222659826278687 0.0024850000000000002
1.32206392288208 0.00249
1.3218618631362915 0.0024950000000000003
1.3216599225997925 0.0025
1.321458101272583 0.0025050000000000003
1.3212562799453735 0.00251
1.3210545778274536 0.0025150000000000003
1.3208528757095337 0.00252
1.3206512928009033 0.0025250000000000003
1.320449709892273 0.00253
1.3202482461929321 0.0025350000000000004
1.3200469017028809 0.00254
1.3198455572128296 0.0025450000000000004
1.3196443319320679 0.00255
1.3194431066513062 0.0025550000000000004
1.319242000579834 0.00256
1.3190408945083618 0.002565
1.3188399076461792 0.0025700000000000002
1.3186390399932861 0.002575
1.318438172340393 0.0025800000000000003
1.3182374238967896 0.002585
1.318036675453186 0.0025900000000000003
1.317836046218872 0.002595
1.317635416984558 0.0026000000000000003
1.3174349069595337 0.002605
1.3172345161437988 0.0026100000000000003
1.317034125328064 0.002615
1.3168338537216187 0.0026200000000000004
1.3166335821151733 0.002625
1.3164334297180176 0.0026300000000000004
1.3162332773208618 0.002635
1.3160332441329956 0.0026400000000000004
1.3158332109451294 0.002645
1.3156332969665527 0.00265
1.3154335021972656 0.0026550000000000002
1.3152337074279785 0.00266
1.315034031867981 0.0026650000000000003
1.3148343563079834 0.00267
1.3146347999572754 0.0026750000000000003
1.3144352436065674 0.00268
1.314235806465149 0.0026850000000000003
1.31403648853302 0.00269
1.3138371706008911 0.0026950000000000003
1.3136379718780518 0.0027
1.3134387731552124 0.0027050000000000004
1.3132396936416626 0.00271
1.3130406141281128 0.0027150000000000004
1.3128416538238525 0.00272
1.3126426935195923 0.0027250000000000004
1.3124438524246216 0.0027300000000000002
1.3122451305389404 0.002735
1.3120464086532593 0.0027400000000000002
1.3118478059768677 0.002745
1.311649203300476 0.0027500000000000003
1.311450719833374 0.002755
1.311252236366272 0.0027600000000000003
1.3110538721084595 0.002765
1.310855507850647 0.0027700000000000003
1.310657262802124 0.002775
1.310459017753601 0.0027800000000000004
1.3102608919143677 0.002785
1.3100628852844238 0.0027900000000000004
1.30986487865448 0.002795
1.3096669912338257 0.0028000000000000004
1.3094691038131714 0.002805
1.3092713356018066 0.0028100000000000004
1.309073567390442 0.0028150000000000002
1.3088759183883667 0.00282
1.3086782693862915 0.0028250000000000003
1.3084807395935059 0.00283
1.3082833290100098 0.0028350000000000003
1.3080859184265137 0.00284
1.3078886270523071 0.0028450000000000003
1.3076913356781006 0.00285
1.3074941635131836 0.0028550000000000003
1.3072969913482666 0.00286
1.3070999383926392 0.0028650000000000004
1.3069028854370117 0.00287
1.3067059516906738 0.0028750000000000004
1.306509017944336 0.00288
1.3063122034072876 0.0028850000000000004
1.3061155080795288 0.00289
1.30591881275177 0.0028950000000000004
1.3057222366333008 0.0029000000000000002
1.3055256605148315 0.002905
1.3053292036056519 0.0029100000000000003
1.3051327466964722 0.002915
1.304936408996582 0.0029200000000000003
1.304740071296692 0.002925
1.3045438528060913 0.0029300000000000003
1.3043476343154907 0.002935
1.3041515350341797 0.0029400000000000003
1.3039555549621582 0.002945
1.3037595748901367 0.0029500000000000004
1.3035637140274048 0.002955
1.3033678531646729 0.0029600000000000004
1.3031721115112305 0.002965
1.302976369857788 0.0029700000000000004
1.3027807474136353 0.002975
1.3025851249694824 0.0029800000000000004
1.3023896217346191 0.0029850000000000002
1.3021941184997559 0.00299
1.3019987344741821 0.0029950000000000003
1.3018033504486084 0.003
1.3016080856323242 0.0030050000000000003
1.30141282081604 0.00301
1.3012176752090454 0.0030150000000000003
1.3010226488113403 0.00302
1.3008276224136353 0.0030250000000000003
1.3006327152252197 0.00303
1.3004378080368042 0.0030350000000000004
1.3002430200576782 0.00304
1.3000482320785522 0.0030450000000000004
1.2998535633087158 0.00305
1.2996588945388794 0.0030550000000000004
1.2994643449783325 0.0030600000000000002
1.2992697954177856 0.0030650000000000004
1.2990753650665283 0.0030700000000000002
1.298880934715271 0.003075
1.2986866235733032 0.0030800000000000003
1.2984923124313354 0.003085
1.2982981204986572 0.0030900000000000003
1.2981040477752686 0.003095
1.2979099750518799 0.0031000000000000003
1.2977160215377808 0.003105
1.2975220680236816 0.0031100000000000004
1.297328233718872 0.003115
1.2971343994140625 0.0031200000000000004
1.2969406843185425 0.003125
1.2967469692230225 0.0031300000000000004
1.296553373336792 0.003135
1.2963597774505615 0.0031400000000000004
1.2961663007736206 0.0031450000000000002
1.2959728240966797 0.0031500000000000005
1.2957794666290283 0.0031550000000000003
1.295586109161377 0.00316
1.2953928709030151 0.0031650000000000003
1.2951996326446533 0.00317
1.295006513595581 0.0031750000000000003
1.2948133945465088 0.00318
1.294620394706726 0.0031850000000000003
1.294427514076233 0.00319
1.2942346334457397 0.0031950000000000004
1.2940418720245361 0.0032
1.2938491106033325 0.0032050000000000004
1.2936564683914185 0.00321
1.2934638261795044 0.0032150000000000004
1.2932713031768799 0.00322
1.2930787801742554 0.0032250000000000004
1.2928863763809204 0.0032300000000000002
1.2926939725875854 0.0032350000000000005
1.29250168800354 0.0032400000000000003
1.2923094034194946 0.003245
1.2921172380447388 0.0032500000000000003
1.291925072669983 0.003255
1.2917330265045166 0.0032600000000000003
1.2915409803390503 0.003265
1.2913490533828735 0.0032700000000000003
1.2911571264266968 0.003275
1.2909653186798096 0.0032800000000000004
1.2907735109329224 0.003285
1.2905818223953247 0.0032900000000000004
1.290390133857727 0.003295
1.290198564529419 0.0033000000000000004
1.2900069952011108 0.003305
1.2898155450820923 0.0033100000000000004
1.2896242141723633 0.0033150000000000002
1.2894328832626343 0.0033200000000000005
1.2892416715621948 0.0033250000000000003
1.2890504598617554 0.00333
1.2888593673706055 0.0033350000000000003
1.2886682748794556 0.00334
1.2884773015975952 0.0033450000000000003
1.2882863283157349 0.00335
1.288095474243164 0.0033550000000000003
1.2879046201705933 0.00336
1.287713885307312 0.0033650000000000004
1.2875231504440308 0.00337
1.287332534790039 0.0033750000000000004
1.2871419191360474 0.00338
1.2869514226913452 0.0033850000000000004
1.286760926246643 0.0033900000000000002
1.2865705490112305 0.0033950000000000004
1.2863801717758179 0.0034000000000000002
1.2861899137496948 0.0034050000000000005
1.2859996557235718 0.0034100000000000003
1.2858095169067383 0.003415
1.2856193780899048 0.0034200000000000003
1.2854293584823608 0.003425
1.285239338874817 0.0034300000000000003
1.2850494384765625 0.003435
1.284859538078308 0.0034400000000000003
1.2846697568893433 0.003445
1.2844799757003784 0.0034500000000000004
1.2842903137207031 0.003455
1.2841006517410278 0.0034600000000000004
1.283911108970642 0.003465
1.2837215662002563 0.0034700000000000004
1.2835321426391602 0.0034750000000000002
1.283342719078064 0.0034800000000000005
1.2831534147262573 0.0034850000000000003
1.2829641103744507 0.0034900000000000005
1.2827749252319336 0.0034950000000000003
1.2825857400894165 0.0035
1.282396674156189 0.0035050000000000003
1.2822076082229614 0.00351
1.2820186614990234 0.0035150000000000003
1.2818297147750854 0.00352
1.281640887260437 0.0035250000000000004
1.2814520597457886 0.00353
1.2812633514404297 0.0035350000000000004
1.2810746431350708 0.00354
1.2808860540390015 0.0035450000000000004
1.2806974649429321 0.00355
1.2805089950561523 0.0035550000000000004
1.2803205251693726 0.0035600000000000002
1.2801321744918823 0.0035650000000000005
1.279943823814392 0.0035700000000000003
1.2797555923461914 0.0035750000000000005
1.2795673608779907 0.0035800000000000003
1.2793792486190796 0.003585
1.2791911363601685 0.0035900000000000003
1.2790031433105469 0.003595
1.2788151502609253 0.0036000000000000003
1.2786272764205933 0.003605
1.2784394025802612 0.0036100000000000004
1.2782516479492188 0.003615
1.2780638933181763 0.0036200000000000004
1.2778762578964233 0.003625
1.2776886224746704 0.0036300000000000004
1.277501106262207 0.003635
1.2773135900497437 0.0036400000000000004
1.2771261930465698 0.0036450000000000002
1.276938796043396 0.0036500000000000005
1.2767515182495117 0.0036550000000000003
1.2765642404556274 0.0036600000000000005
1.2763770818710327 0.0036650000000000003
1.276189923286438 0.00367
1.2760028839111328 0.0036750000000000003
1.2758158445358276 0.00368
1.275628924369812 0.0036850000000000003
1.2754420042037964 0.00369
1.2752552032470703 0.0036950000000000004
1.2750684022903442 0.0037
1.2748817205429077 0.0037050000000000004
1.2746950387954712 0.00371
1.2745084762573242 0.0037150000000000004
1.2743219137191772 0.00372
1.2741354703903198 0.0037250000000000004
1.2739490270614624 0.0037300000000000002
1.2737627029418945 0.0037350000000000005
1.2735763788223267 0.0037400000000000003
1.2733901739120483 0.0037450000000000005
1.27320396900177 0.0037500000000000003
1.2730178833007812 0.003755
1.2728317975997925 0.0037600000000000003
1.2726458311080933 0.003765
1.272459864616394 0.0037700000000000003
1.2722740173339844 0.003775
1.2720881700515747 0.0037800000000000004
1.2719024419784546 0.003785
1.2717167139053345 0.0037900000000000004
1.271531105041504 0.003795
1.2713454961776733 0.0038000000000000004
1.2711600065231323 0.0038050000000000002
1.2709745168685913 0.0038100000000000005
1.2707890272140503 0.0038150000000000002
1.2706036567687988 0.0038200000000000005
1.2704182863235474 0.0038250000000000003
1.2702330350875854 0.0038300000000000005
1.2700477838516235 0.0038350000000000003
1.2698626518249512 0.0038400000000000005
1.2696775197982788 0.0038450000000000003
1.269492506980896 0.00385
1.2693074941635132 0.0038550000000000004
1.26912260055542 0.00386
1.2689377069473267 0.0038650000000000004
1.268752932548523 0.00387
1.2685681581497192 0.0038750000000000004
1.268383502960205 0.00388
1.268198847770691 0.0038850000000000004
1.2680143117904663 0.0038900000000000002
1.2678297758102417 0.0038950000000000005
1.2676453590393066 0.0039000000000000003
1.2674609422683716 0.0039050000000000005
1.267276644706726 0.00391
1.2670923471450806 0.003915
1.2669081687927246 0.003920000000000001
1.2667239904403687 0.0039250000000000005
1.2665399312973022 0.00393
1.2663558721542358 0.003935
1.266171932220459 0.00394
1.2659879922866821 0.003945000000000001
1.2658040523529053 0.00395
1.265620231628418 0.003955
1.2654364109039307 0.00396
1.265252709388733 0.003965000000000001
1.2650690078735352 0.0039700000000000004
1.264885425567627 0.003975
1.2647018432617188 0.00398
1.2645183801651 0.003985000000000001
1.2643349170684814 0.0039900000000000005
1.2641515731811523 0.003995
1.2639682292938232 0.004
1.2637850046157837 0.004005000000000001
1.2636017799377441 0.0040100000000000005
1.2634186744689941 0.004015
1.2632355690002441 0.00402
1.2630525827407837 0.004025
1.2628695964813232 0.004030000000000001
1.2626867294311523 0.004035
1.2625038623809814 0.00404
1.2623211145401 0.004045
1.2621383666992188 0.004050000000000001
1.2619556188583374 0.0040550000000000004
1.2617729902267456 0.00406
1.2615903615951538 0.004065
1.2614078521728516 0.004070000000000001
1.2612253427505493 0.0040750000000000005
1.2610429525375366 0.00408
1.260860562324524 0.004085
1.2606782913208008 0.004090000000000001
1.2604960203170776 0.0040950000000000005
1.260313868522644 0.0041
1.2601317167282104 0.004105
1.2599496841430664 0.00411
1.2597676515579224 0.004115000000000001
1.2595857381820679 0.00412
1.2594038248062134 0.004125
1.2592220306396484 0.00413
1.2590402364730835 0.004135000000000001
1.2588584423065186 0.0041400000000000005
1.2586767673492432 0.004145
1.2584950923919678 0.00415
1.258313536643982 0.004155000000000001
1.258131980895996 0.0041600000000000005
1.2579505443572998 0.004165
1.2577691078186035 0.00417
1.2575877904891968 0.004175000000000001
1.25740647315979 0.0041800000000000006
1.2572252750396729 0.004185
1.2570440769195557 0.00419
1.256862998008728 0.004195
1.2566819190979004 0.004200000000000001
1.2565009593963623 0.004205
1.2563199996948242 0.00421
1.2561390399932861 0.004215
1.2559581995010376 0.004220000000000001
1.255777359008789 0.0042250000000000005
1.25559663772583 0.00423
1.255415916442871 0.004235
1.2552353143692017 0.004240000000000001
1.2550547122955322 0.0042450000000000005
1.2548742294311523 0.00425
1.2546937465667725 0.004255
1.2545133829116821 0.004260000000000001
1.2543330192565918 0.0042650000000000006
1.254152774810791 0.00427
1.2539725303649902 0.004275
1.2537922859191895 0.00428
1.2536121606826782 0.004285000000000001
1.253432035446167 0.00429
1.2532520294189453 0.004295
1.2530720233917236 0.0043
1.2528921365737915 0.004305000000000001
1.2527122497558594 0.0043100000000000005
1.2525324821472168 0.004315
1.2523527145385742 0.00432
1.2521730661392212 0.004325000000000001
1.2519934177398682 0.0043300000000000005
1.2518137693405151 0.004335
1.2516342401504517 0.00434
1.2514547109603882 0.004345000000000001
1.2512753009796143 0.004350000000000001
1.2510958909988403 0.004355
1.250916600227356 0.00436
1.2507373094558716 0.004365
1.2505581378936768 0.004370000000000001
1.250378966331482 0.004375
1.2501999139785767 0.00438
1.2500208616256714 0.004385
1.2498419284820557 0.004390000000000001
1.24966299533844 0.0043950000000000005
1.2494840621948242 0.0044
1.249305248260498 0.004405
1.2491264343261719 0.004410000000000001
1.2489477396011353 0.0044150000000000005
1.2487690448760986 0.00442
1.2485904693603516 0.004425
1.2484118938446045 0.004430000000000001
1.248233437538147 0.004435000000000001
1.2480549812316895 0.00444
1.247876524925232 0.004445
1.247698187828064 0.00445
1.247519850730896 0.004455000000000001
1.2473416328430176 0.00446
1.2471634149551392 0.004465
1.2469853162765503 0.00447
1.2468072175979614 0.004475000000000001
1.246629238128662 0.0044800000000000005
1.2464512586593628 0.004485
1.246273398399353 0.00449
1.2460955381393433 0.004495000000000001
1.2459176778793335 0.0045000000000000005
1.2457399368286133 0.004505
1.245562195777893 0.00451
1.2453845739364624 0.004515000000000001
1.2452069520950317 0.004520000000000001
1.2450294494628906 0.004525
1.2448519468307495 0.00453
1.244674563407898 0.004535
1.2444971799850464 0.004540000000000001
1.2443197965621948 0.004545
1.2441425323486328 0.00455
1.2439652681350708 0.004555
1.2437881231307983 0.004560000000000001
1.2436109781265259 0.0045650000000000005
1.243433952331543 0.00457
1.24325692653656 0.004575
1.2430800199508667 0.004580000000000001
1.2429031133651733 0.0045850000000000005
1.2427263259887695 0.00459
1.2425495386123657 0.004595
1.242372751235962 0.004600000000000001
1.2421960830688477 0.004605000000000001
1.2420194149017334 0.00461
1.2418428659439087 0.004615
1.241666316986084 0.00462
1.2414898872375488 0.004625000000000001
1.2413134574890137 0.0046300000000000004
1.241137146949768 0.004635
1.2409608364105225 0.00464
1.2407845258712769 0.004645000000000001
1.2406083345413208 0.0046500000000000005
1.2404321432113647 0.004655
1.2402560710906982 0.00466
1.2400799989700317 0.004665000000000001
1.2399040460586548 0.0046700000000000005
1.2397280931472778 0.004675
1.2395521402359009 0.00468
1.2393763065338135 0.004685000000000001
1.239200472831726 0.004690000000000001
1.2390247583389282 0.004695
1.2388490438461304 0.0047
1.238673448562622 0.004705
1.2384978532791138 0.004710000000000001
1.238322377204895 0.0047150000000000004
1.2381469011306763 0.00472
1.2379714250564575 0.004725
1.2377960681915283 0.004730000000000001
1.2376207113265991 0.0047350000000000005
1.2374454736709595 0.00474
1.2372702360153198 0.004745
1.2370951175689697 0.004750000000000001
1.2369199991226196 0.0047550000000000005
1.2367448806762695 0.00476
1.236569881439209 0.004765
1.2363948822021484 0.004770000000000001
1.2362200021743774 0.004775000000000001
1.2360451221466064 0.00478
1.235870361328125 0.004785
1.2356956005096436 0.00479
1.2355209589004517 0.004795000000000001
1.2353463172912598 0.0048000000000000004
1.2351716756820679 0.004805
1.2349971532821655 0.00481
1.2348226308822632 0.004815000000000001
1.2346482276916504 0.0048200000000000005
1.2344738245010376 0.004825
1.2342995405197144 0.00483
1.2341252565383911 0.004835000000000001
1.2339509725570679 0.0048400000000000006
1.2337768077850342 0.004845
1.2336026430130005 0.00485
1.2334285974502563 0.004855000000000001
1.2332545518875122 0.004860000000000001
1.2330806255340576 0.004865
1.232906699180603 0.00487
1.2327327728271484 0.004875
1.2325589656829834 0.004880000000000001
1.2323851585388184 0.0048850000000000005
1.2322114706039429 0.00489
1.2320377826690674 0.004895
1.2318642139434814 0.004900000000000001
1.2316906452178955 0.0049050000000000005
1.2315171957015991 0.00491
1.2313437461853027 0.004915
1.2311702966690063 0.004920000000000001
1.2309969663619995 0.0049250000000000006
1.2308236360549927 0.00493
1.2306504249572754 0.004935
1.230477213859558 0.004940000000000001
1.2303041219711304 0.004945000000000001
1.2301310300827026 0.00495
1.229957938194275 0.004955
1.2297849655151367 0.00496
1.2296119928359985 0.004965000000000001
1.22943913936615 0.0049700000000000005
1.2292662858963013 0.004975
1.2290934324264526 0.00498
1.2289206981658936 0.004985000000000001
1.2287479639053345 0.0049900000000000005
1.228575348854065 0.004995
1.2284027338027954 0.005
1.2282302379608154 0.005005000000000001
1.2280577421188354 0.0050100000000000006
1.2278852462768555 0.005015
1.227712869644165 0.00502
1.2275404930114746 0.005025000000000001
1.2273682355880737 0.005030000000000001
1.2271959781646729 0.005035
1.2270238399505615 0.00504
1.2268517017364502 0.005045
1.2266795635223389 0.005050000000000001
1.226507544517517 0.0050550000000000005
1.2263355255126953 0.00506
1.226163625717163 0.005065
1.2259917259216309 0.005070000000000001
1.2258199453353882 0.0050750000000000005
1.2256481647491455 0.00508
1.2254763841629028 0.005085
1.2253047227859497 0.005090000000000001
1.2251330614089966 0.005095000000000001
1.224961519241333 0.0051
1.2247899770736694 0.005105
1.2246185541152954 0.005110000000000001
1.2244471311569214 0.005115000000000001
1.2242757081985474 0.00512
1.224104404449463 0.005125
1.2239331007003784 0.00513
1.2237619161605835 0.005135000000000001
1.2235907316207886 0.0051400000000000005
1.2234195470809937 0.005145
1.2232484817504883 0.00515
1.223077416419983 0.005155000000000001
1.222906470298767 0.0051600000000000005
1.2227355241775513 0.005165
1.222564697265625 0.00517
1.2223938703536987 0.005175000000000001
1.2222230434417725 0.005180000000000001
1.2220523357391357 0.005185
1.221881628036499 0.00519
1.2217110395431519 0.005195000000000001
1.2215404510498047 0.005200000000000001
1.221369981765747 0.005205
1.2211995124816895 0.00521
1.2210290431976318 0.005215
1.2208586931228638 0.005220000000000001
1.2206883430480957 0.0052250000000000005
1.2205181121826172 0.00523
1.2203478813171387 0.005235
1.2201776504516602 0.005240000000000001
1.2200075387954712 0.0052450000000000005
1.2198374271392822 0.00525
1.2196674346923828 0.005255
1.2194974422454834 0.005260000000000001
1.219327449798584 0.005265000000000001
1.2191575765609741 0.00527
1.2189877033233643 0.005275
1.218817949295044 0.005280000000000001
1.2186481952667236 0.005285000000000001
1.2184785604476929 0.00529
1.218308925628662 0.005295
1.2181392908096313 0.0053
1.2179697751998901 0.005305000000000001
1.217800259590149 0.0053100000000000005
1.2176308631896973 0.005315
1.2174614667892456 0.00532
1.217292070388794 0.005325000000000001
1.2171227931976318 0.0053300000000000005
1.2169535160064697 0.005335
1.2167843580245972 0.00534
1.2166152000427246 0.005345000000000001
1.2164461612701416 0.005350000000000001
1.2162771224975586 0.005355
1.2161080837249756 0.00536
1.2159391641616821 0.005365000000000001
1.2157702445983887 0.005370000000000001
1.2156014442443848 0.0053750000000000004
1.2154326438903809 0.00538
1.215263843536377 0.005385
1.2150951623916626 0.005390000000000001
1.2149264812469482 0.0053950000000000005
1.2147579193115234 0.0054
1.2145893573760986 0.005405
1.2144207954406738 0.005410000000000001
1.2142523527145386 0.0054150000000000005
1.2140839099884033 0.00542
1.2139155864715576 0.005425
1.213747262954712 0.005430000000000001
1.2135789394378662 0.005435000000000001
1.21341073513031 0.00544
1.213242530822754 0.005445
1.2130744457244873 0.005450000000000001
1.2129063606262207 0.005455000000000001
1.212738275527954 0.0054600000000000004
1.212570309638977 0.005465
1.21240234375 0.00547
1.2122344970703125 0.005475000000000001
1.212066650390625 0.0054800000000000005
1.211898922920227 0.005485
1.211731195449829 0.00549
1.2115634679794312 0.005495000000000001
1.2113958597183228 0.0055000000000000005
1.2112282514572144 0.005505
1.2110607624053955 0.00551
1.2108932733535767 0.005515000000000001
1.2107257843017578 0.005520000000000001
1.2105584144592285 0.005525
1.2103910446166992 0.00553
1.2102237939834595 0.005535000000000001
1.2100565433502197 0.005540000000000001
1.20988929271698 0.0055450000000000004
1.2097221612930298 0.00555
1.2095550298690796 0.005555
1.209388017654419 0.005560000000000001
1.2092210054397583 0.0055650000000000005
1.2090539932250977 0.00557
1.2088871002197266 0.005575
1.2087202072143555 0.005580000000000001
1.208553433418274 0.0055850000000000006
1.2083866596221924 0.00559
1.2082198858261108 0.005595
1.2080532312393188 0.005600000000000001
1.2078865766525269 0.005605000000000001
1.2077200412750244 0.00561
1.207553505897522 0.005615
1.2073869705200195 0.005620000000000001
1.2072205543518066 0.005625000000000001
1.2070541381835938 0.0056300000000000005
1.2068878412246704 0.005635
1.206721544265747 0.00564
1.2065552473068237 0.005645000000000001
1.20638906955719 0.0056500000000000005
1.2062228918075562 0.005655
1.206056833267212 0.00566
1.2058907747268677 0.005665000000000001
1.2057247161865234 0.0056700000000000006
1.2055587768554688 0.005675
1.205392837524414 0.00568
1.205227017402649 0.005685000000000001
1.2050611972808838 0.005690000000000001
1.2048953771591187 0.005695
1.204729676246643 0.0057
1.2045639753341675 0.005705000000000001
1.2043983936309814 0.005710000000000001
1.2042328119277954 0.0057150000000000005
1.2040672302246094 0.00572
1.203901767730713 0.005725
1.2037363052368164 0.005730000000000001
1.2035709619522095 0.0057350000000000005
1.2034056186676025 0.00574
1.2032402753829956 0.005745
1.2030750513076782 0.005750000000000001
1.2029098272323608 0.005755000000000001
1.202744722366333 0.00576
1.2025796175003052 0.005765
1.2024145126342773 0.005770000000000001
1.202249526977539 0.005775000000000001
1.2020845413208008 0.00578
1.2019195556640625 0.005785
1.2017546892166138 0.005790000000000001
1.201589822769165 0.005795000000000001
1.2014250755310059 0.0058000000000000005
1.2012603282928467 0.005805
1.2010955810546875 0.00581
1.2009309530258179 0.005815000000000001
1.2007663249969482 0.0058200000000000005
1.2006018161773682 0.005825
1.200437307357788 0.00583
1.200272798538208 0.005835000000000001
1.2001084089279175 0.005840000000000001
1.199944019317627 0.005845
1.199779748916626 0.00585
1.199615478515625 0.005855000000000001
1.199451208114624 0.005860000000000001
1.1992870569229126 0.005865
1.1991229057312012 0.00587
1.1989588737487793 0.005875000000000001
1.1987948417663574 0.005880000000000001
1.1986308097839355 0.0058850000000000005
1.1984668970108032 0.00589
1.198302984237671 0.005895
1.1981391906738281 0.005900000000000001
1.1979753971099854 0.0059050000000000005
1.1978116035461426 0.00591
1.1976479291915894 0.005915
1.1974842548370361 0.005920000000000001
1.197320580482483 0.005925000000000001
1.1971570253372192 0.00593
1.1969934701919556 0.005935
1.1968300342559814 0.005940000000000001
1.1966665983200073 0.005945000000000001
1.1965031623840332 0.00595
1.1963398456573486 0.005955
1.196176528930664 0.005960000000000001
1.196013331413269 0.005965000000000001
1.195850133895874 0.0059700000000000005
1.195686936378479 0.005975
1.1955238580703735 0.00598
1.195360779762268 0.005985000000000001
1.1951977014541626 0.0059900000000000005
1.1950347423553467 0.005995
1.1948717832565308 0.006
1.1947089433670044 0.006005000000000001
1.194546103477478 0.006010000000000001
1.1943832635879517 0.006015
1.1942205429077148 0.00602
1.194057822227478 0.006025000000000001
1.1938952207565308 0.006030000000000001
1.1937326192855835 0.006035
1.1935700178146362 0.00604
1.1934075355529785 0.006045000000000001
1.1932450532913208 0.006050000000000001
1.193082571029663 0.0060550000000000005
1.192920207977295 0.00606
1.1927578449249268 0.006065
1.1925956010818481 0.006070000000000001
1.1924333572387695 0.0060750000000000005
1.192271113395691 0.00608
1.1921089887619019 0.006085
1.1919468641281128 0.006090000000000001
1.1917848587036133 0.006095000000000001
1.1916228532791138 0.0061
1.1914608478546143 0.006105
1.1912989616394043 0.006110000000000001
1.1911370754241943 0.006115000000000001
1.1909751892089844 0.0061200000000000004
1.190813422203064 0.006125
1.1906516551971436 0.006130000000000001
1.1904900074005127 0.006135000000000001
1.1903283596038818 0.0061400000000000005
1.190166711807251 0.006145
1.1900051832199097 0.00615
1.1898436546325684 0.006155000000000001
1.189682126045227 0.0061600000000000005
1.1895207166671753 0.006165
1.1893593072891235 0.00617
1.1891980171203613 0.006175000000000001
1.1890367269515991 0.006180000000000001
1.188875436782837 0.006185
1.1887142658233643 0.00619
1.1885530948638916 0.006195000000000001
1.1883920431137085 0.006200000000000001
1.1882309913635254 0.0062050000000000004
1.1880699396133423 0.00621
1.1879090070724487 0.006215000000000001
1.1877480745315552 0.006220000000000001
1.1875871419906616 0.0062250000000000005
1.1874263286590576 0.00623
1.1872655153274536 0.006235
1.1871048212051392 0.006240000000000001
1.1869441270828247 0.0062450000000000006
1.1867834329605103 0.00625
1.1866228580474854 0.006255
1.1864622831344604 0.006260000000000001
1.1863017082214355 0.006265000000000001
1.1861412525177002 0.00627
1.1859807968139648 0.006275
1.185820460319519 0.006280000000000001
1.1856601238250732 0.006285000000000001
1.1854997873306274 0.0062900000000000005
1.1853395700454712 0.006295
1.185179352760315 0.006300000000000001
1.1850191354751587 0.006305000000000001
1.184859037399292 0.0063100000000000005
1.1846989393234253 0.006315
1.1845389604568481 0.00632
1.184378981590271 0.006325000000000001
1.1842190027236938 0.0063300000000000006
1.1840591430664062 0.006335
1.1838992834091187 0.00634
1.183739423751831 0.006345000000000001
1.183579683303833 0.006350000000000001
1.183419942855835 0.006355
1.1832603216171265 0.00636
1.183100700378418 0.006365000000000001
1.1829410791397095 0.006370000000000001
1.1827815771102905 0.0063750000000000005
1.1826220750808716 0.00638
1.1824625730514526 0.006385000000000001
1.1823031902313232 0.006390000000000001
1.1821438074111938 0.0063950000000000005
1.1819844245910645 0.0064
1.1818251609802246 0.006405
1.1816658973693848 0.006410000000000001
1.1815067529678345 0.0064150000000000006
1.1813476085662842 0.00642
1.1811884641647339 0.006425
1.1810294389724731 0.006430000000000001
1.1808704137802124 0.006435000000000001
1.1807113885879517 0.00644
1.1805524826049805 0.006445
1.1803935766220093 0.006450000000000001
1.1802347898483276 0.006455000000000001
1.180076003074646 0.0064600000000000005
1.1799172163009644 0.006465
1.1797585487365723 0.006470000000000001
1.1795998811721802 0.006475000000000001
1.179441213607788 0.0064800000000000005
1.1792826652526855 0.006485
1.179124116897583 0.00649
1.17896568775177 0.006495000000000001
1.178807258605957 0.006500000000000001
1.178648829460144 0.006505
1.1784905195236206 0.00651
1.1783322095870972 0.006515000000000001
1.1781738996505737 0.006520000000000001
1.1780157089233398 0.006525
1.177857518196106 0.00653
1.177699327468872 0.006535000000000001
1.1775412559509277 0.006540000000000001
1.1773831844329834 0.0065450000000000005
1.1772252321243286 0.00655
1.1770672798156738 0.006555000000000001
1.176909327507019 0.006560000000000001
1.1767514944076538 0.0065650000000000005
1.1765936613082886 0.00657
1.1764358282089233 0.006575
1.1762781143188477 0.006580000000000001
1.176120400428772 0.006585000000000001
1.1759626865386963 0.00659
1.1758050918579102 0.006595
1.175647497177124 0.006600000000000001
1.1754900217056274 0.006605000000000001
1.1753325462341309 0.00661
1.1751750707626343 0.006615
1.1750177145004272 0.006620000000000001
1.1748603582382202 0.006625000000000001
1.1747030019760132 0.0066300000000000005
1.1745457649230957 0.006635
1.1743885278701782 0.006640000000000001
1.1742312908172607 0.006645000000000001
1.1740741729736328 0.0066500000000000005
1.1739170551300049 0.006655
1.1737600564956665 0.00666
1.1736030578613281 0.006665000000000001
1.1734460592269897 0.006670000000000001
1.173289179801941 0.006675
1.173132300376892 0.00668
1.1729754209518433 0.006685000000000001
1.172818660736084 0.006690000000000001
1.1726619005203247 0.006695
1.1725051403045654 0.0067
1.1723484992980957 0.006705000000000001
1.172191858291626 0.006710000000000001
1.1720353364944458 0.0067150000000000005
1.1718788146972656 0.00672
1.1717222929000854 0.006725000000000001
1.1715658903121948 0.006730000000000001
1.1714094877243042 0.0067350000000000005
1.1712530851364136 0.00674
1.1710968017578125 0.006745
1.1709405183792114 0.006750000000000001
1.1707842350006104 0.006755000000000001
1.1706280708312988 0.00676
1.1704719066619873 0.006765
1.1703157424926758 0.006770000000000001
1.1701596975326538 0.006775000000000001
1.1700036525726318 0.0067800000000000004
1.1698477268218994 0.006785
1.169691801071167 0.006790000000000001
1.1695358753204346 0.006795000000000001
1.1693800687789917 0.0068000000000000005
1.1692242622375488 0.006805
1.169068455696106 0.006810000000000001
1.1689127683639526 0.006815000000000001
1.1687570810317993 0.0068200000000000005
1.168601393699646 0.006825
1.1684458255767822 0.00683
1.1682902574539185 0.006835000000000001
1.1681346893310547 0.006840000000000001
1.1679792404174805 0.006845
1.1678237915039062 0.00685
1.1676684617996216 0.006855000000000001
1.167513132095337 0.006860000000000001
1.1673578023910522 0.0068650000000000004
1.1672025918960571 0.00687
1.167047381401062 0.006875000000000001
1.166892170906067 0.006880000000000001
1.1667370796203613 0.0068850000000000005
1.1665819883346558 0.00689
1.1664268970489502 0.006895000000000001
1.1662719249725342 0.006900000000000001
1.1661169528961182 0.0069050000000000005
1.1659619808197021 0.00691
1.1658071279525757 0.006915
1.1656522750854492 0.006920000000000001
1.1654975414276123 0.006925000000000001
1.1653428077697754 0.00693
1.1651880741119385 0.006935
1.1650334596633911 0.006940000000000001
1.1648788452148438 0.006945000000000001
1.1647242307662964 0.0069500000000000004
1.1645697355270386 0.006955
1.1644152402877808 0.006960000000000001
1.164260745048523 0.006965000000000001
1.1641063690185547 0.0069700000000000005
1.1639519929885864 0.006975
1.1637976169586182 0.006980000000000001
1.1636433601379395 0.006985000000000001
1.1634891033172607 0.0069900000000000006
1.163334846496582 0.006995
1.1631807088851929 0.007
1.1630265712738037 0.007005000000000001
1.162872552871704 0.007010000000000001
1.1627185344696045 0.007015
1.1625645160675049 0.00702
1.1624106168746948 0.007025000000000001
1.1622567176818848 0.007030000000000001
1.1621028184890747 0.0070350000000000005
1.1619490385055542 0.00704
1.1617952585220337 0.007045000000000001
1.1616414785385132 0.007050000000000001
1.1614878177642822 0.0070550000000000005
1.1613341569900513 0.00706
1.1611804962158203 0.007065000000000001
1.161026954650879 0.007070000000000001
1.1608734130859375 0.0070750000000000006
1.160719871520996 0.00708
1.1605664491653442 0.007085
1.1604130268096924 0.007090000000000001
1.1602596044540405 0.007095000000000001
1.1601063013076782 0.0071
1.159952998161316 0.007105
1.1597998142242432 0.007110000000000001
1.1596466302871704 0.007115000000000001
1.1594934463500977 0.0071200000000000005
1.1593403816223145 0.007125
1.1591873168945312 0.007130000000000001
1.159034252166748 0.007135000000000001
1.1588813066482544 0.0071400000000000005
1.1587283611297607 0.007145
1.158575415611267 0.007150000000000001
1.158422589302063 0.007155000000000001
1.1582697629928589 0.0071600000000000006
1.1581169366836548 0.007165
1.1579642295837402 0.00717
1.1578115224838257 0.007175000000000001
1.1576588153839111 0.007180000000000001
1.1575062274932861 0.007185
1.1573536396026611 0.00719
1.1572010517120361 0.007195000000000001
1.1570485830307007 0.007200000000000001
1.1568961143493652 0.0072050000000000005
1.1567436456680298 0.00721
1.1565912961959839 0.007215000000000001
1.156438946723938 0.007220000000000001
1.156286597251892 0.0072250000000000005
1.1561343669891357 0.00723
1.1559821367263794 0.007235000000000001
1.155829906463623 0.007240000000000001
1.1556777954101562 0.007245000000000001
1.1555256843566895 0.00725
1.1553736925125122 0.007255
1.155221700668335 0.007260000000000001
1.1550697088241577 0.007265000000000001
1.15491783618927 0.00727
1.1547659635543823 0.007275
1.1546140909194946 0.007280000000000001
1.1544623374938965 0.007285000000000001
1.1543105840682983 0.0072900000000000005
1.1541588306427002 0.007295
1.1540071964263916 0.007300000000000001
1.153855562210083 0.007305000000000001
1.1537039279937744 0.0073100000000000005
1.1535524129867554 0.007315
1.1534008979797363 0.007320000000000001
1.1532493829727173 0.007325000000000001
1.1530979871749878 0.007330000000000001
1.1529465913772583 0.007335
1.1527951955795288 0.00734
1.1526439189910889 0.007345000000000001
1.152492642402649 0.007350000000000001
1.152341365814209 0.007355
1.1521902084350586 0.00736
1.1520390510559082 0.007365000000000001
1.1518878936767578 0.007370000000000001
1.151736855506897 0.0073750000000000005
1.1515858173370361 0.00738
1.1514347791671753 0.007385000000000001
1.151283860206604 0.007390000000000001
1.1511329412460327 0.0073950000000000005
1.1509820222854614 0.0074
1.1508312225341797 0.007405000000000001
1.150680422782898 0.007410000000000001
1.1505296230316162 0.007415000000000001
1.150378942489624 0.00742
1.1502282619476318 0.007425
1.1500775814056396 0.007430000000000001
1.149927020072937 0.007435000000000001
1.1497764587402344 0.00744
1.1496258974075317 0.007445
1.1494754552841187 0.007450000000000001
1.1493250131607056 0.007455000000000001
1.1491745710372925 0.0074600000000000005
1.149024248123169 0.007465
1.1488739252090454 0.007470000000000001
1.1487236022949219 0.007475000000000001
1.148573398590088 0.0074800000000000005
1.148423194885254 0.007485
1.14827299118042 0.007490000000000001
1.1481229066848755 0.007495000000000001
1.147972822189331 0.007500000000000001
1.1478227376937866 0.007505
1.1476727724075317 0.00751
1.1475228071212769 0.007515000000000001
1.147372841835022 0.007520000000000001
1.1472229957580566 0.0075250000000000004
1.1470731496810913 0.00753
1.1469234228134155 0.007535000000000001
1.1467736959457397 0.007540000000000001
1.146623969078064 0.0075450000000000005
1.1464742422103882 0.00755
1.146324634552002 0.007555000000000001
1.1461750268936157 0.007560000000000001
1.1460254192352295 0.0075650000000000005
1.1458759307861328 0.00757
1.1457264423370361 0.007575000000000001
1.145577073097229 0.007580000000000001
1.1454277038574219 0.007585000000000001
1.1452783346176147 0.00759
1.1451289653778076 0.007595
1.14497971534729 0.007600000000000001
1.1448304653167725 0.007605000000000001
1.1446812152862549 0.0076100000000000004
1.1445320844650269 0.007615
1.1443829536437988 0.007620000000000001
1.1442339420318604 0.007625000000000001
1.1440849304199219 0.0076300000000000005
1.1439359188079834 0.007635
1.143786907196045 0.007640000000000001
1.143638014793396 0.007645000000000001
1.143489122390747 0.0076500000000000005
1.1433402299880981 0.007655
1.1431914567947388 0.007660000000000001
1.1430426836013794 0.007665000000000001
1.14289391040802 0.007670000000000001
1.1427452564239502 0.007675
1.1425966024398804 0.007680000000000001
1.1424479484558105 0.007685000000000001
1.1422994136810303 0.007690000000000001
1.14215087890625 0.0076950000000000005
1.1420023441314697 0.0077
1.141853928565979 0.007705000000000001
1.1417055130004883 0.007710000000000001
1.1415570974349976 0.0077150000000000005
1.1414088010787964 0.00772
1.1412605047225952 0.007725000000000001
1.141112208366394 0.007730000000000001
1.1409640312194824 0.0077350000000000006
1.1408158540725708 0.00774
1.1406676769256592 0.007745000000000001
1.140519618988037 0.007750000000000001
1.140371561050415 0.007755000000000001
1.140223503112793 0.00776
1.1400755643844604 0.007765000000000001
1.139927625656128 0.007770000000000001
1.1397796869277954 0.007775000000000001
1.1396318674087524 0.0077800000000000005
