1.432126522064209 5e-06
1.431858777999878 1e-05
1.4315911531448364 1.5000000000000002e-05
1.4313236474990845 2e-05
1.431056261062622 2.5e-05
1.4307889938354492 3.0000000000000004e-05
1.430521845817566 3.5000000000000004e-05
1.4302548170089722 4e-05
1.429987907409668 4.5e-05
1.4297211170196533 5e-05
1.4294545650482178 5.5e-05
1.4291881322860718 6.000000000000001e-05
1.4289218187332153 6.500000000000001e-05
1.4286556243896484 7.000000000000001e-05
1.428389549255371 7.500000000000001e-05
1.4281235933303833 8e-05
1.427857756614685 8.5e-05
1.4275920391082764 9e-05
1.4273264408111572 9.5e-05
1.4270609617233276 0.0001
1.4267956018447876 0.000105
1.4265304803848267 0.00011
1.4262654781341553 0.000115
1.4260005950927734 0.00012000000000000002
1.4257358312606812 0.000125
1.4254711866378784 0.00013000000000000002
1.4252066612243652 0.000135
1.4249422550201416 0.00014000000000000001
1.4246779680252075 0.000145
1.424413800239563 0.00015000000000000001
1.424149751663208 0.000155
1.4238858222961426 0.00016
1.4236220121383667 0.00016500000000000003
1.4233583211898804 0.00017
1.4230947494506836 0.00017500000000000003
1.422831416130066 0.00018
1.4225682020187378 0.00018500000000000002
1.4223051071166992 0.00019
1.4220421314239502 0.00019500000000000002
1.4217792749404907 0.0002
1.4215165376663208 0.00020500000000000002
1.4212539196014404 0.00021
1.4209914207458496 0.00021500000000000002
1.4207290410995483 0.00022
1.4204667806625366 0.00022500000000000002
1.4202046394348145 0.00023
1.4199426174163818 0.00023500000000000002
1.4196807146072388 0.00024000000000000003
1.4194189310073853 0.00024500000000000005
1.4191572666168213 0.00025
1.4188957214355469 0.000255
1.418634295463562 0.00026000000000000003
1.4183729887008667 0.00026500000000000004
1.418111801147461 0.00027
1.4178507328033447 0.000275
1.417589783668518 0.00028000000000000003
1.417328953742981 0.00028500000000000004
1.4170682430267334 0.00029
1.4168076515197754 0.000295
1.416547179222107 0.00030000000000000003
1.416286826133728 0.00030500000000000004
1.4160265922546387 0.00031
1.4157665967941284 0.000315
1.4155067205429077 0.00032
1.4152469635009766 0.00032500000000000004
1.414987325668335 0.00033000000000000005
1.414727807044983 0.000335
1.4144684076309204 0.00034
1.4142091274261475 0.00034500000000000004
1.413949966430664 0.00035000000000000005
1.4136909246444702 0.000355
1.413432002067566 0.00036
1.4131730794906616 0.00036500000000000004
1.4129143953323364 0.00037000000000000005
1.4126557111740112 0.000375
1.4123972654342651 0.00038
1.412138819694519 0.00038500000000000003
1.411880612373352 0.00039000000000000005
1.411622405052185 0.000395
1.4113643169403076 0.0004
1.4111063480377197 0.00040500000000000003
1.4108484983444214 0.00041000000000000005
1.4105907678604126 0.00041500000000000006
1.4103331565856934 0.00042
1.4100756645202637 0.00042500000000000003
1.4098182916641235 0.00043000000000000004
1.409561038017273 0.00043500000000000006
1.409303903579712 0.00044
1.4090468883514404 0.00044500000000000003
1.4087899923324585 0.00045000000000000004
1.4085332155227661 0.00045500000000000006
1.4082765579223633 0.00046
1.40802001953125 0.000465
1.4077636003494263 0.00047000000000000004
1.407507300376892 0.00047500000000000005
1.4072511196136475 0.00048000000000000007
1.4069950580596924 0.000485
1.4067391157150269 0.0004900000000000001
1.4064832925796509 0.000495
1.4062275886535645 0.0005
1.4059720039367676 0.000505
1.4057165384292603 0.00051
1.4054611921310425 0.000515
1.4052059650421143 0.0005200000000000001
1.4049508571624756 0.0005250000000000001
1.4046958684921265 0.0005300000000000001
1.404440999031067 0.000535
1.4041862487792969 0.00054
1.4039316177368164 0.000545
1.4036771059036255 0.00055
1.4034227132797241 0.000555
1.4031684398651123 0.0005600000000000001
1.40291428565979 0.0005650000000000001
1.4026602506637573 0.0005700000000000001
1.4024062156677246 0.0005750000000000001
1.4021522998809814 0.00058
1.4018985033035278 0.000585
1.4016448259353638 0.00059
1.4013912677764893 0.000595
1.4011378288269043 0.0006000000000000001
1.4008845090866089 0.0006050000000000001
1.400631308555603 0.0006100000000000001
1.4003782272338867 0.0006150000000000001
1.40012526512146 0.00062
1.3998724222183228 0.000625
1.399619698524475 0.00063
1.399367094039917 0.000635
1.3991146087646484 0.00064
1.3988622426986694 0.0006450000000000001
1.39860999584198 0.0006500000000000001
1.39835786819458 0.0006550000000000001
1.3981057405471802 0.0006600000000000001
1.3978537321090698 0.000665
1.397601842880249 0.00067
1.3973500728607178 0.000675
1.397098422050476 0.00068
1.396846890449524 0.0006850000000000001
1.3965954780578613 0.0006900000000000001
1.3963441848754883 0.0006950000000000001
1.3960930109024048 0.0007000000000000001
1.3958419561386108 0.000705
1.3955910205841064 0.00071
1.3953402042388916 0.000715
1.3950893878936768 0.00072
1.3948386907577515 0.0007250000000000001
1.3945881128311157 0.0007300000000000001
1.3943376541137695 0.0007350000000000001
1.394087314605713 0.0007400000000000001
1.3938370943069458 0.0007450000000000001
1.3935869932174683 0.00075
1.3933370113372803 0.000755
1.3930871486663818 0.00076
1.392837405204773 0.0007650000000000001
1.3925877809524536 0.0007700000000000001
1.3923382759094238 0.0007750000000000001
1.392088770866394 0.0007800000000000001
1.3918393850326538 0.0007850000000000001
1.3915901184082031 0.00079
1.391340970993042 0.000795
1.3910919427871704 0.0008
1.3908430337905884 0.000805
1.390594244003296 0.0008100000000000001
1.390345573425293 0.0008150000000000001
1.3900970220565796 0.0008200000000000001
1.3898484706878662 0.0008250000000000001
1.3896000385284424 0.0008300000000000001
1.389351725578308 0.000835
1.3891035318374634 0.00084
1.3888554573059082 0.000845
1.3886075019836426 0.0008500000000000001
1.3883596658706665 0.0008550000000000001
1.38811194896698 0.0008600000000000001
1.387864351272583 0.0008650000000000001
1.387616753578186 0.0008700000000000001
1.3873692750930786 0.000875
1.3871219158172607 0.00088
1.3868746757507324 0.000885
1.3866275548934937 0.0008900000000000001
1.3863805532455444 0.0008950000000000001
1.3861336708068848 0.0009000000000000001
1.3858869075775146 0.0009050000000000001
1.385640263557434 0.0009100000000000001
1.3853936195373535 0.0009150000000000001
1.3851470947265625 0.00092
1.384900689125061 0.000925
1.3846544027328491 0.00093
1.3844082355499268 0.0009350000000000001
1.384162187576294 0.0009400000000000001
1.3839162588119507 0.0009450000000000001
1.383670449256897 0.0009500000000000001
1.3834246397018433 0.0009550000000000001
1.383178949356079 0.0009600000000000001
1.3829333782196045 0.000965
1.3826879262924194 0.00097
1.382442593574524 0.0009750000000000001
1.382197380065918 0.0009800000000000002
1.3819522857666016 0.000985
1.3817071914672852 0.00099
1.3814622163772583 0.000995
1.381217360496521 0.001
1.3809726238250732 0.001005
1.380728006362915 0.00101
1.3804835081100464 0.001015
1.3802391290664673 0.00102
1.3799947500228882 0.001025
1.3797504901885986 0.00103
1.3795063495635986 0.0010350000000000001
1.3792623281478882 0.0010400000000000001
1.3790184259414673 0.0010450000000000001
1.378774642944336 0.0010500000000000002
1.3785309791564941 0.0010550000000000002
1.3782873153686523 0.0010600000000000002
1.3780437707901 0.0010650000000000002
1.3778003454208374 0.00107
1.3775570392608643 0.001075
1.3773138523101807 0.00108
1.3770707845687866 0.001085
1.3768278360366821 0.00109
1.3765848875045776 0.001095
1.3763420581817627 0.0011
1.3760993480682373 0.001105
1.3758567571640015 0.00111
1.3756142854690552 0.001115
1.3753719329833984 0.0011200000000000001
1.3751295804977417 0.0011250000000000001
1.3748873472213745 0.0011300000000000001
1.3746452331542969 0.0011350000000000002
1.3744032382965088 0.0011400000000000002
1.3741613626480103 0.0011450000000000002
1.3739196062088013 0.0011500000000000002
1.3736778497695923 0.001155
1.3734362125396729 0.00116
1.373194694519043 0.001165
1.3729532957077026 0.00117
1.3727120161056519 0.001175
1.3724708557128906 0.00118
1.3722296953201294 0.001185
1.3719886541366577 0.00119
1.3717477321624756 0.001195
1.371506929397583 0.0012000000000000001
1.37126624584198 0.0012050000000000001
1.3710256814956665 0.0012100000000000001
1.370785117149353 0.0012150000000000002
1.370544672012329 0.0012200000000000002
1.3703043460845947 0.0012250000000000002
1.37006413936615 0.0012300000000000002
1.3698240518569946 0.0012350000000000002
1.369584083557129 0.00124
1.3693441152572632 0.001245
1.369104266166687 0.00125
1.3688645362854004 0.001255
1.3686249256134033 0.00126
1.3683854341506958 0.001265
1.3681459426879883 0.00127
1.3679065704345703 0.001275
1.367667317390442 0.00128
1.367428183555603 0.0012850000000000001
1.3671891689300537 0.0012900000000000001
1.3669501543045044 0.0012950000000000001
1.3667112588882446 0.0013000000000000002
1.3664724826812744 0.0013050000000000002
1.3662338256835938 0.0013100000000000002
1.3659952878952026 0.0013150000000000002
1.365756869316101 0.0013200000000000002
1.3655184507369995 0.001325
1.3652801513671875 0.00133
1.365041971206665 0.001335
1.3648039102554321 0.00134
1.3645659685134888 0.001345
1.3643280267715454 0.00135
1.3640902042388916 0.001355
1.3638525009155273 0.00136
1.3636149168014526 0.0013650000000000001
1.3633774518966675 0.0013700000000000001
1.3631399869918823 0.0013750000000000001
1.3629026412963867 0.0013800000000000002
1.3626654148101807 0.0013850000000000002
1.3624283075332642 0.0013900000000000002
1.3621913194656372 0.0013950000000000002
1.3619543313980103 0.0014000000000000002
1.3617174625396729 0.0014050000000000002
1.361480712890625 0.00141
1.3612440824508667 0.001415
1.361007571220398 0.00142
1.3607710599899292 0.001425
1.36053466796875 0.00143
1.3602983951568604 0.001435
1.3600622415542603 0.00144
1.3598262071609497 0.001445
1.3595901727676392 0.0014500000000000001
1.3593542575836182 0.0014550000000000001
1.3591184616088867 0.0014600000000000001
1.3588827848434448 0.0014650000000000002
1.358647108078003 0.0014700000000000002
1.3584115505218506 0.0014750000000000002
1.3581761121749878 0.0014800000000000002
1.3579407930374146 0.0014850000000000002
1.3577055931091309 0.0014900000000000002
1.3574703931808472 0.001495
1.357235312461853 0.0015
1.3570003509521484 0.001505
1.3567655086517334 0.00151
1.356530785560608 0.001515
1.3562960624694824 0.00152
1.3560614585876465 0.001525
1.3558269739151 0.0015300000000000001
1.3555926084518433 0.0015350000000000001
1.3553582429885864 0.0015400000000000001
1.3551239967346191 0.0015450000000000001
1.3548898696899414 0.0015500000000000002
1.3546558618545532 0.0015550000000000002
1.3544219732284546 0.0015600000000000002
1.354188084602356 0.0015650000000000002
1.3539543151855469 0.0015700000000000002
1.3537206649780273 0.0015750000000000002
1.3534871339797974 0.00158
1.3532536029815674 0.001585
1.353020191192627 0.00159
1.352786898612976 0.001595
1.3525537252426147 0.0016
1.3523205518722534 0.001605
1.3520874977111816 0.00161
1.3518545627593994 0.0016150000000000001
1.3516217470169067 0.0016200000000000001
1.351388931274414 0.0016250000000000001
1.351156234741211 0.0016300000000000002
1.3509236574172974 0.0016350000000000002
1.3506911993026733 0.0016400000000000002
1.3504588603973389 0.0016450000000000002
1.3502265214920044 0.0016500000000000002
1.3499943017959595 0.0016550000000000002
1.349762201309204 0.0016600000000000002
1.3495302200317383 0.001665
1.3492982387542725 0.00167
1.3490663766860962 0.001675
1.3488346338272095 0.00168
1.3486030101776123 0.001685
1.3483713865280151 0.00169
1.3481398820877075 0.0016950000000000001
1.3479084968566895 0.0017000000000000001
1.347677230834961 0.0017050000000000001
1.3474459648132324 0.0017100000000000001
1.3472148180007935 0.0017150000000000002
1.346983790397644 0.0017200000000000002
1.3467528820037842 0.0017250000000000002
1.3465219736099243 0.0017300000000000002
1.346291184425354 0.0017350000000000002
1.3460605144500732 0.0017400000000000002
1.345829963684082 0.0017450000000000002
1.3455994129180908 0.00175
1.3453689813613892 0.001755
1.345138669013977 0.00176
1.3449084758758545 0.001765
1.344678282737732 0.00177
1.344448208808899 0.001775
1.3442182540893555 0.0017800000000000001
1.3439884185791016 0.0017850000000000001
1.3437585830688477 0.0017900000000000001
1.3435288667678833 0.0017950000000000002
1.3432992696762085 0.0018000000000000002
1.3430697917938232 0.0018050000000000002
1.342840313911438 0.0018100000000000002
1.3426109552383423 0.0018150000000000002
1.3423817157745361 0.0018200000000000002
1.3421525955200195 0.0018250000000000002
1.341923475265503 0.0018300000000000002
1.3416944742202759 0.001835
1.3414655923843384 0.00184
1.3412368297576904 0.001845
1.3410080671310425 0.00185
1.340779423713684 0.001855
1.3405508995056152 0.00186
1.340322494506836 0.0018650000000000001
1.3400940895080566 0.0018700000000000001
1.339865803718567 0.0018750000000000001
1.3396376371383667 0.0018800000000000002
1.3394094705581665 0.0018850000000000002
1.3391814231872559 0.0018900000000000002
1.3389534950256348 0.0018950000000000002
1.3387256860733032 0.0019000000000000002
1.3384978771209717 0.0019050000000000002
1.3382701873779297 0.0019100000000000002
1.3380426168441772 0.0019150000000000003
1.3378151655197144 0.0019200000000000003
1.3375877141952515 0.001925
1.3373603820800781 0.00193
1.3371331691741943 0.001935
1.3369059562683105 0.00194
1.3366788625717163 0.0019450000000000001
1.3364518880844116 0.0019500000000000001
1.3362250328063965 0.001955
1.3359981775283813 0.0019600000000000004
1.3357714414596558 0.001965
1.3355448246002197 0.00197
1.3353183269500732 0.001975
1.3350918292999268 0.00198
1.3348654508590698 0.0019850000000000002
1.3346391916275024 0.00199
1.334412932395935 0.0019950000000000002
1.3341867923736572 0.002
1.333960771560669 0.0020050000000000003
1.3337348699569702 0.00201
1.3335089683532715 0.0020150000000000003
1.3332831859588623 0.00202
1.3330575227737427 0.0020250000000000003
1.332831859588623 0.00203
1.332606315612793 0.0020350000000000004
1.3323808908462524 0.00204
1.3321555852890015 0.0020450000000000004
1.3319302797317505 0.00205
1.331705093383789 0.002055
1.3314800262451172 0.00206
1.3312549591064453 0.002065
1.331030011177063 0.0020700000000000002
1.3308051824569702 0.002075
1.330580472946167 0.0020800000000000003
1.3303557634353638 0.002085
1.33013117313385 0.0020900000000000003
1.329906702041626 0.002095
1.3296822309494019 0.0021000000000000003
1.3294578790664673 0.002105
1.3292336463928223 0.0021100000000000003
1.3290095329284668 0.002115
1.3287854194641113 0.0021200000000000004
1.3285614252090454 0.002125
1.328337550163269 0.0021300000000000004
1.3281136751174927 0.002135
1.3278899192810059 0.00214
1.3276662826538086 0.002145
1.3274426460266113 0.00215
1.3272191286087036 0.0021550000000000002
1.3269957304000854 0.00216
1.3267724514007568 0.0021650000000000003
1.3265491724014282 0.00217
1.3263260126113892 0.0021750000000000003
1.3261029720306396 0.00218
1.3258799314498901 0.0021850000000000003
1.3256570100784302 0.00219
1.3254342079162598 0.0021950000000000003
1.3252114057540894 0.0022
1.3249887228012085 0.0022050000000000004
1.3247661590576172 0.00221
1.3245437145233154 0.0022150000000000004
1.3243212699890137 0.00222
1.3240989446640015 0.002225
1.3238767385482788 0.00223
1.3236545324325562 0.002235
1.323432445526123 0.0022400000000000002
1.3232104778289795 0.002245
1.322988510131836 0.0022500000000000003
1.322766661643982 0.002255
1.3225449323654175 0.0022600000000000003
1.322323203086853 0.002265
1.3221015930175781 0.0022700000000000003
1.3218801021575928 0.002275
1.321658730506897 0.0022800000000000003
1.3214373588562012 0.002285
1.321216106414795 0.0022900000000000004
1.3209949731826782 0.002295
1.3207738399505615 0.0023000000000000004
1.3205528259277344 0.002305
1.3203319311141968 0.00231
1.3201110363006592 0.0023150000000000002
1.3198902606964111 0.00232
1.3196696043014526 0.0023250000000000002
1.3194489479064941 0.00233
1.3192284107208252 0.0023350000000000003
1.3190079927444458 0.00234
1.3187875747680664 0.0023450000000000003
1.3185672760009766 0.00235
1.3183470964431763 0.0023550000000000003
1.318126916885376 0.00236
1.3179068565368652 0.0023650000000000003
1.317686915397644 0.00237
1.3174670934677124 0.0023750000000000004
1.3172472715377808 0.00238
1.3170275688171387 0.0023850000000000004
1.3168079853057861 0.00239
1.3165884017944336 0.002395
1.3163689374923706 0.0024000000000000002
1.3161495923995972 0.002405
1.3159302473068237 0.0024100000000000002
1.3157110214233398 0.002415
1.3154919147491455 0.0024200000000000003
1.3152728080749512 0.002425
1.3150538206100464 0.0024300000000000003
1.3148349523544312 0.002435
1.314616084098816 0.0024400000000000003
1.3143973350524902 0.002445
1.314178705215454 0.0024500000000000004
1.313960075378418 0.002455
1.3137415647506714 0.0024600000000000004
1.3135231733322144 0.002465
1.3133047819137573 0.0024700000000000004
1.3130865097045898 0.002475
1.312868356704712 0.00248
1.312650203704834 0.0024850000000000002
1.3124321699142456 0.00249
1.3122142553329468 0.0024950000000000003
1.311996340751648 0.0025
1.3117785453796387 0.0025050000000000003
1.311560869216919 0.00251
1.3113431930541992 0.0025150000000000003
1.311125636100769 0.00252
1.3109081983566284 0.0025250000000000003
1.3106907606124878 0.00253
1.3104734420776367 0.0025350000000000004
1.3102562427520752 0.00254
1.3100390434265137 0.0025450000000000004
1.3098219633102417 0.00255
1.3096050024032593 0.0025550000000000004
1.3093880414962769 0.00256
1.309171199798584 0.002565
1.3089544773101807 0.0025700000000000002
1.3087377548217773 0.002575
1.3085211515426636 0.0025800000000000003
1.3083046674728394 0.002585
1.3080881834030151 0.0025900000000000003
1.3078718185424805 0.002595
1.3076555728912354 0.0026000000000000003
1.3074393272399902 0.002605
1.3072232007980347 0.0026100000000000003
1.307007074356079 0.002615
1.306791067123413 0.0026200000000000004
1.3065751791000366 0.002625
1.3063592910766602 0.0026300000000000004
1.3061435222625732 0.002635
1.3059278726577759 0.0026400000000000004
1.3057122230529785 0.002645
1.3054966926574707 0.00265
1.3052812814712524 0.0026550000000000002
1.3050658702850342 0.00266
1.3048505783081055 0.0026650000000000003
1.3046354055404663 0.00267
1.3044202327728271 0.0026750000000000003
1.3042051792144775 0.00268
1.3039902448654175 0.0026850000000000003
1.3037753105163574 0.00269
1.303560495376587 0.0026950000000000003
1.303345799446106 0.0027
1.303131103515625 0.0027050000000000004
1.3029165267944336 0.00271
1.3027020692825317 0.0027150000000000004
1.3024876117706299 0.00272
1.3022732734680176 0.0027250000000000004
1.3020589351654053 0.0027300000000000002
1.3018447160720825 0.002735
1.3016306161880493 0.0027400000000000002
1.3014165163040161 0.002745
1.3012025356292725 0.0027500000000000003
1.3009886741638184 0.002755
1.3007748126983643 0.0027600000000000003
1.3005610704421997 0.002765
1.3003474473953247 0.0027700000000000003
1.3001338243484497 0.002775
1.2999203205108643 0.0027800000000000004
1.2997069358825684 0.002785
1.2994935512542725 0.0027900000000000004
1.2992802858352661 0.002795
1.2990670204162598 0.0028000000000000004
1.298853874206543 0.002805
1.2986408472061157 0.0028100000000000004
1.2984278202056885 0.0028150000000000002
1.2982149124145508 0.00282
1.2980021238327026 0.0028250000000000003
1.2977893352508545 0.00283
1.297576665878296 0.0028350000000000003
1.2973641157150269 0.00284
1.2971515655517578 0.0028450000000000003
1.2969391345977783 0.00285
1.2967267036437988 0.0028550000000000003
1.2965143918991089 0.00286
1.2963021993637085 0.0028650000000000004
1.296090006828308 0.00287
1.2958779335021973 0.0028750000000000004
1.295665979385376 0.00288
1.2954540252685547 0.0028850000000000004
1.295242190361023 0.00289
1.2950303554534912 0.0028950000000000004
1.294818639755249 0.0029000000000000002
1.2946070432662964 0.002905
1.2943954467773438 0.0029100000000000003
1.2941839694976807 0.002915
1.2939726114273071 0.0029200000000000003
1.2937612533569336 0.002925
1.2935500144958496 0.0029300000000000003
1.2933388948440552 0.002935
1.2931277751922607 0.0029400000000000003
1.2929167747497559 0.002945
1.292705774307251 0.0029500000000000004
1.2924948930740356 0.002955
1.2922841310501099 0.0029600000000000004
1.292073369026184 0.002965
1.2918627262115479 0.0029700000000000004
1.2916522026062012 0.002975
1.2914416790008545 0.0029800000000000004
1.2912312746047974 0.0029850000000000002
1.2910208702087402 0.00299
1.2908105850219727 0.0029950000000000003
1.2906004190444946 0.003
1.2903902530670166 0.0030050000000000003
1.2901802062988281 0.00301
1.2899702787399292 0.0030150000000000003
1.2897603511810303 0.00302
1.289550542831421 0.0030250000000000003
1.2893407344818115 0.00303
1.2891310453414917 0.0030350000000000004
1.2889214754104614 0.00304
1.2887119054794312 0.0030450000000000004
1.2885024547576904 0.00305
1.2882930040359497 0.0030550000000000004
1.2880836725234985 0.0030600000000000002
1.287874460220337 0.0030650000000000004
1.2876652479171753 0.0030700000000000002
1.2874561548233032 0.003075
1.2872471809387207 0.0030800000000000003
1.2870382070541382 0.003085
1.2868293523788452 0.0030900000000000003
1.2866204977035522 0.003095
1.2864117622375488 0.0031000000000000003
1.286203145980835 0.003105
1.285994529724121 0.0031100000000000004
1.2857860326766968 0.003115
1.2855775356292725 0.0031200000000000004
1.2853691577911377 0.003125
1.2851608991622925 0.0031300000000000004
1.2849526405334473 0.003135
1.2847445011138916 0.0031400000000000004
1.284536361694336 0.0031450000000000002
1.2843283414840698 0.0031500000000000005
1.2841204404830933 0.0031550000000000003
1.2839125394821167 0.00316
1.2837047576904297 0.0031650000000000003
1.2834970951080322 0.00317
1.2832894325256348 0.0031750000000000003
1.2830818891525269 0.00318
1.282874345779419 0.0031850000000000003
1.2826669216156006 0.00319
1.2824596166610718 0.0031950000000000004
1.282252311706543 0.0032
1.2820451259613037 0.0032050000000000004
1.2818379402160645 0.00321
1.2816308736801147 0.0032150000000000004
1.2814239263534546 0.00322
1.2812169790267944 0.0032250000000000004
1.2810101509094238 0.0032300000000000002
1.2808033227920532 0.0032350000000000005
1.2805966138839722 0.0032400000000000003
1.2803900241851807 0.003245
1.2801834344863892 0.0032500000000000003
1.2799769639968872 0.003255
1.2797704935073853 0.0032600000000000003
1.2795641422271729 0.003265
1.27935791015625 0.0032700000000000003
1.2791516780853271 0.003275
1.2789455652236938 0.0032800000000000004
1.2787394523620605 0.003285
1.2785334587097168 0.0032900000000000004
1.2783275842666626 0.003295
1.2781217098236084 0.0033000000000000004
1.2779159545898438 0.003305
1.277710199356079 0.0033100000000000004
1.277504563331604 0.0033150000000000002
1.2772990465164185 0.0033200000000000005
1.277093529701233 0.0033250000000000003
1.276888132095337 0.00333
1.276682734489441 0.0033350000000000003
1.2764774560928345 0.00334
1.2762722969055176 0.0033450000000000003
1.2760671377182007 0.00335
1.2758620977401733 0.0033550000000000003
1.275657057762146 0.00336
1.2754521369934082 0.0033650000000000004
1.2752472162246704 0.00337
1.2750424146652222 0.0033750000000000004
1.2748377323150635 0.00338
1.2746330499649048 0.0033850000000000004
1.2744284868240356 0.0033900000000000002
1.2742239236831665 0.0033950000000000004
1.274019479751587 0.0034000000000000002
1.2738151550292969 0.0034050000000000005
1.2736108303070068 0.0034100000000000003
1.2734066247940063 0.003415
1.2732024192810059 0.0034200000000000003
1.272998332977295 0.003425
1.2727943658828735 0.0034300000000000003
1.2725903987884521 0.003435
1.2723865509033203 0.0034400000000000003
1.2721827030181885 0.003445
1.2719789743423462 0.0034500000000000004
1.2717753648757935 0.003455
1.2715717554092407 0.0034600000000000004
1.2713682651519775 0.003465
1.2711647748947144 0.0034700000000000004
1.2709614038467407 0.0034750000000000002
1.270758032798767 0.0034800000000000005
1.270554780960083 0.0034850000000000003
1.2703516483306885 0.0034900000000000005
1.270148515701294 0.0034950000000000003
1.269945502281189 0.0035
1.269742488861084 0.0035050000000000003
1.2695395946502686 0.00351
1.2693368196487427 0.0035150000000000003
1.2691340446472168 0.00352
1.2689313888549805 0.0035250000000000004
1.2687287330627441 0.00353
1.2685261964797974 0.0035350000000000004
1.2683236598968506 0.00354
1.2681212425231934 0.0035450000000000004
1.2679189443588257 0.00355
1.267716646194458 0.0035550000000000004
1.2675144672393799 0.0035600000000000002
1.2673122882843018 0.0035650000000000005
1.2671102285385132 0.0035700000000000003
1.2669081687927246 0.0035750000000000005
1.2667062282562256 0.0035800000000000003
1.2665044069290161 0.003585
1.2663025856018066 0.0035900000000000003
1.2661008834838867 0.003595
1.2658991813659668 0.0036000000000000003
1.2656975984573364 0.003605
1.265496015548706 0.0036100000000000004
1.2652945518493652 0.003615
1.265093207359314 0.0036200000000000004
1.2648918628692627 0.003625
1.264690637588501 0.0036300000000000004
1.2644894123077393 0.003635
1.264288306236267 0.0036400000000000004
1.264087200164795 0.0036450000000000002
1.2638862133026123 0.0036500000000000005
1.2636853456497192 0.0036550000000000003
1.2634844779968262 0.0036600000000000005
1.2632837295532227 0.0036650000000000003
1.2630829811096191 0.00367
1.2628823518753052 0.0036750000000000003
1.2626817226409912 0.00368
1.2624812126159668 0.0036850000000000003
1.262280821800232 0.00369
1.262080430984497 0.0036950000000000004
1.2618801593780518 0.0037
1.2616798877716064 0.0037050000000000004
1.2614797353744507 0.00371
1.261279582977295 0.0037150000000000004
1.2610795497894287 0.00372
1.260879635810852 0.0037250000000000004
1.2606797218322754 0.0037300000000000002
1.2604799270629883 0.0037350000000000005
1.2602801322937012 0.0037400000000000003
1.2600804567337036 0.0037450000000000005
1.259880781173706 0.0037500000000000003
1.259681224822998 0.003755
1.2594817876815796 0.0037600000000000003
1.2592823505401611 0.003765
1.2590830326080322 0.0037700000000000003
1.2588837146759033 0.003775
1.258684515953064 0.0037800000000000004
1.2584853172302246 0.003785
1.2582862377166748 0.0037900000000000004
1.258087158203125 0.003795
1.2578881978988647 0.0038000000000000004
1.257689356803894 0.0038050000000000002
1.2574905157089233 0.0038100000000000005
1.2572917938232422 0.0038150000000000002
1.257093071937561 0.0038200000000000005
1.2568944692611694 0.0038250000000000003
1.2566958665847778 0.0038300000000000005
1.2564973831176758 0.0038350000000000003
1.2562990188598633 0.0038400000000000005
1.2561006546020508 0.0038450000000000003
1.2559024095535278 0.00385
1.2557041645050049 0.0038550000000000004
1.2555060386657715 0.00386
1.255307912826538 0.0038650000000000004
1.2551099061965942 0.00387
1.2549118995666504 0.0038750000000000004
1.254714012145996 0.00388
1.2545162439346313 0.0038850000000000004
1.2543184757232666 0.0038900000000000002
1.2541208267211914 0.0038950000000000005
1.2539231777191162 0.0039000000000000003
1.2537256479263306 0.0039050000000000005
1.253528118133545 0.00391
1.2533307075500488 0.003915
1.2531332969665527 0.003920000000000001
1.2529360055923462 0.0039250000000000005
1.2527388334274292 0.00393
1.2525416612625122 0.003935
1.2523446083068848 0.00394
1.2521475553512573 0.003945000000000001
1.2519506216049194 0.00395
1.2517536878585815 0.003955
1.2515568733215332 0.00396
1.2513600587844849 0.003965000000000001
1.251163363456726 0.0039700000000000004
1.2509666681289673 0.003975
1.250770092010498 0.00398
1.2505736351013184 0.003985000000000001
1.2503771781921387 0.0039900000000000005
1.2501808404922485 0.003995
1.2499845027923584 0.004
1.2497882843017578 0.004005000000000001
1.2495920658111572 0.0040100000000000005
1.2493959665298462 0.004015
1.2491998672485352 0.00402
1.2490038871765137 0.004025
1.2488079071044922 0.004030000000000001
1.2486120462417603 0.004035
1.2484163045883179 0.00404
1.2482205629348755 0.004045
1.2480249404907227 0.004050000000000001
1.2478293180465698 0.0040550000000000004
1.2476338148117065 0.00406
1.2474383115768433 0.004065
1.2472429275512695 0.004070000000000001
1.2470475435256958 0.0040750000000000005
1.2468522787094116 0.00408
1.2466570138931274 0.004085
1.2464618682861328 0.004090000000000001
1.2462668418884277 0.0040950000000000005
1.2460718154907227 0.0041
1.2458769083023071 0.004105
1.2456820011138916 0.00411
1.2454872131347656 0.004115000000000001
1.2452924251556396 0.00412
1.2450977563858032 0.004125
1.2449030876159668 0.00413
1.24470853805542 0.004135000000000001
1.244513988494873 0.0041400000000000005
1.2443195581436157 0.004145
1.2441251277923584 0.00415
1.2439308166503906 0.004155000000000001
1.2437366247177124 0.0041600000000000005
1.2435424327850342 0.004165
1.2433483600616455 0.00417
1.2431542873382568 0.004175000000000001
1.2429603338241577 0.0041800000000000006
1.2427663803100586 0.004185
1.242572546005249 0.00419
1.2423787117004395 0.004195
1.2421849966049194 0.004200000000000001
1.2419912815093994 0.004205
1.241797685623169 0.00421
1.2416040897369385 0.004215
1.2414106130599976 0.004220000000000001
1.2412171363830566 0.0042250000000000005
1.2410237789154053 0.00423
1.2408305406570435 0.004235
1.2406373023986816 0.004240000000000001
1.2404441833496094 0.0042450000000000005
1.240251064300537 0.00425
1.2400580644607544 0.004255
1.2398650646209717 0.004260000000000001
1.2396721839904785 0.0042650000000000006
1.2394793033599854 0.00427
1.2392865419387817 0.004275
1.2390937805175781 0.00428
1.238901138305664 0.004285000000000001
1.23870849609375 0.00429
1.2385159730911255 0.004295
1.238323450088501 0.0043
1.238131046295166 0.004305000000000001
1.237938642501831 0.0043100000000000005
1.2377463579177856 0.004315
1.2375541925430298 0.00432
1.237362027168274 0.004325000000000001
1.2371699810028076 0.0043300000000000005
1.2369779348373413 0.004335
1.2367860078811646 0.00434
1.2365940809249878 0.004345000000000001
1.2364022731781006 0.004350000000000001
1.2362104654312134 0.004355
1.2360187768936157 0.00436
1.235827088356018 0.004365
1.23563551902771 0.004370000000000001
1.2354439496994019 0.004375
1.2352524995803833 0.00438
1.2350610494613647 0.004385
1.2348697185516357 0.004390000000000001
1.2346783876419067 0.0043950000000000005
1.2344871759414673 0.0044
1.2342959642410278 0.004405
1.234104871749878 0.004410000000000001
1.233913779258728 0.0044150000000000005
1.2337228059768677 0.00442
1.2335319519042969 0.004425
1.233341097831726 0.004430000000000001
1.2331503629684448 0.004435000000000001
1.2329596281051636 0.00444
1.2327690124511719 0.004445
1.2325783967971802 0.00445
1.232387900352478 0.004455000000000001
1.2321974039077759 0.00446
1.2320070266723633 0.004465
1.2318166494369507 0.00447
1.2316263914108276 0.004475000000000001
1.2314361333847046 0.0044800000000000005
1.231245994567871 0.004485
1.2310558557510376 0.00449
1.2308658361434937 0.004495000000000001
1.2306758165359497 0.0045000000000000005
1.2304859161376953 0.004505
1.230296015739441 0.00451
1.230106234550476 0.004515000000000001
1.2299164533615112 0.004520000000000001
1.229726791381836 0.004525
1.2295371294021606 0.00453
1.229347586631775 0.004535
1.2291580438613892 0.004540000000000001
1.228968620300293 0.004545
1.2287791967391968 0.00455
1.2285898923873901 0.004555
1.2284005880355835 0.004560000000000001
1.2282114028930664 0.0045650000000000005
1.2280223369598389 0.00457
1.2278332710266113 0.004575
1.2276443243026733 0.004580000000000001
1.2274553775787354 0.0045850000000000005
1.227266550064087 0.00459
1.2270777225494385 0.004595
1.2268890142440796 0.004600000000000001
1.2267003059387207 0.004605000000000001
1.2265117168426514 0.00461
1.226323127746582 0.004615
1.2261346578598022 0.00462
1.2259461879730225 0.004625000000000001
1.2257578372955322 0.0046300000000000004
1.225569486618042 0.004635
1.2253812551498413 0.00464
1.2251930236816406 0.004645000000000001
1.2250049114227295 0.0046500000000000005
1.2248167991638184 0.004655
1.2246288061141968 0.00466
1.2244408130645752 0.004665000000000001
1.2242529392242432 0.0046700000000000005
1.2240650653839111 0.004675
1.2238773107528687 0.00468
1.2236895561218262 0.004685000000000001
1.2235019207000732 0.004690000000000001
1.2233142852783203 0.004695
1.223126769065857 0.0047
1.2229392528533936 0.004705
1.2227518558502197 0.004710000000000001
1.222564458847046 0.0047150000000000004
1.2223771810531616 0.00472
1.2221899032592773 0.004725
1.2220027446746826 0.004730000000000001
1.221815586090088 0.0047350000000000005
1.2216285467147827 0.00474
1.2214415073394775 0.004745
1.221254587173462 0.004750000000000001
1.2210676670074463 0.0047550000000000005
1.2208808660507202 0.00476
1.2206940650939941 0.004765
1.2205073833465576 0.004770000000000001
1.220320701599121 0.004775000000000001
1.2201341390609741 0.00478
1.2199475765228271 0.004785
1.2197611331939697 0.00479
1.2195746898651123 0.004795000000000001
1.2193883657455444 0.0048000000000000004
1.2192020416259766 0.004805
1.2190158367156982 0.00481
1.21882963180542 0.004815000000000001
1.2186435461044312 0.0048200000000000005
1.2184574604034424 0.004825
1.2182714939117432 0.00483
1.218085527420044 0.004835000000000001
1.2178996801376343 0.0048400000000000006
1.2177138328552246 0.004845
1.2175281047821045 0.00485
1.2173423767089844 0.004855000000000001
1.2171567678451538 0.004860000000000001
1.2169711589813232 0.004865
1.2167856693267822 0.00487
1.2166001796722412 0.004875
1.2164148092269897 0.004880000000000001
1.2162294387817383 0.0048850000000000005
1.2160441875457764 0.00489
1.2158589363098145 0.004895
1.215673804283142 0.004900000000000001
1.2154886722564697 0.0049050000000000005
1.215303659439087 0.00491
1.215118646621704 0.004915
1.2149337530136108 0.004920000000000001
1.2147488594055176 0.0049250000000000006
1.2145640850067139 0.00493
1.2143793106079102 0.004935
1.2141945362091064 0.004940000000000001
1.2140098810195923 0.004945000000000001
1.2138252258300781 0.00495
1.2136406898498535 0.004955
1.213456153869629 0.00496
1.2132717370986938 0.004965000000000001
1.2130873203277588 0.0049700000000000005
1.2129030227661133 0.004975
1.2127187252044678 0.00498
1.2125345468521118 0.004985000000000001
1.2123503684997559 0.0049900000000000005
1.2121663093566895 0.004995
1.211982250213623 0.005
1.2117983102798462 0.005005000000000001
1.2116143703460693 0.0050100000000000006
1.211430549621582 0.005015
1.2112467288970947 0.00502
1.211063027381897 0.005025000000000001
1.2108793258666992 0.005030000000000001
1.210695743560791 0.005035
1.2105121612548828 0.00504
1.2103286981582642 0.005045
1.2101452350616455 0.005050000000000001
1.2099618911743164 0.0050550000000000005
1.2097785472869873 0.00506
1.2095953226089478 0.005065
1.2094120979309082 0.005070000000000001
1.2092289924621582 0.0050750000000000005
1.2090458869934082 0.00508
1.2088629007339478 0.005085
1.2086799144744873 0.005090000000000001
1.2084970474243164 0.005095000000000001
1.2083141803741455 0.0051
1.2081314325332642 0.005105
1.2079486846923828 0.005110000000000001
1.207766056060791 0.005115000000000001
1.2075834274291992 0.00512
1.207400918006897 0.005125
1.2072184085845947 0.00513
1.2070358991622925 0.005135000000000001
1.2068535089492798 0.0051400000000000005
1.206671118736267 0.005145
1.206488847732544 0.00515
1.2063065767288208 0.005155000000000001
1.2061244249343872 0.0051600000000000005
1.2059422731399536 0.005165
1.2057602405548096 0.00517
1.2055782079696655 0.005175000000000001
1.205396294593811 0.005180000000000001
1.2052143812179565 0.005185
1.2050325870513916 0.00519
1.2048507928848267 0.005195000000000001
1.2046691179275513 0.005200000000000001
1.2044874429702759 0.005205
1.20430588722229 0.00521
1.2041243314743042 0.005215
1.203942894935608 0.005220000000000001
1.2037614583969116 0.0052250000000000005
1.2035801410675049 0.00523
1.2033988237380981 0.005235
1.203217625617981 0.005240000000000001
1.2030364274978638 0.0052450000000000005
1.2028552293777466 0.00525
1.202674150466919 0.005255
1.2024930715560913 0.005260000000000001
1.2023121118545532 0.005265000000000001
1.2021311521530151 0.00527
1.2019503116607666 0.005275
1.201769471168518 0.005280000000000001
1.201588749885559 0.005285000000000001
1.2014080286026 0.00529
1.2012274265289307 0.005295
1.2010468244552612 0.0053
1.2008663415908813 0.005305000000000001
1.2006858587265015 0.0053100000000000005
1.2005054950714111 0.005315
1.2003251314163208 0.00532
1.20014488697052 0.005325000000000001
1.1999646425247192 0.0053300000000000005
1.199784517288208 0.005335
1.1996043920516968 0.00534
1.1994242668151855 0.005345000000000001
1.1992442607879639 0.005350000000000001
1.1990642547607422 0.005355
1.19888436794281 0.00536
1.198704481124878 0.005365000000000001
1.1985247135162354 0.005370000000000001
1.1983449459075928 0.0053750000000000004
1.1981652975082397 0.00538
1.1979856491088867 0.005385
1.1978061199188232 0.005390000000000001
1.1976265907287598 0.0053950000000000005
1.1974471807479858 0.0054
1.197267770767212 0.005405
1.1970884799957275 0.005410000000000001
1.1969091892242432 0.0054150000000000005
1.1967298984527588 0.00542
1.196550726890564 0.005425
1.1963715553283691 0.005430000000000001
1.1961925029754639 0.005435000000000001
1.1960134506225586 0.00544
1.1958345174789429 0.005445
1.1956555843353271 0.005450000000000001
1.195476770401001 0.005455000000000001
1.1952979564666748 0.0054600000000000004
1.1951192617416382 0.005465
1.1949405670166016 0.00547
1.1947619915008545 0.005475000000000001
1.1945834159851074 0.0054800000000000005
1.19440495967865 0.005485
1.1942265033721924 0.00549
1.1940480470657349 0.005495000000000001
1.193869709968567 0.0055000000000000005
1.193691372871399 0.005505
1.1935131549835205 0.00551
1.193334937095642 0.005515000000000001
1.1931568384170532 0.005520000000000001
1.1929787397384644 0.005525
1.192800760269165 0.00553
1.1926227807998657 0.005535000000000001
1.192444920539856 0.005540000000000001
1.1922670602798462 0.0055450000000000004
1.192089319229126 0.00555
1.1919115781784058 0.005555
1.1917338371276855 0.005560000000000001
1.1915562152862549 0.0055650000000000005
1.1913785934448242 0.00557
1.191201090812683 0.005575
1.191023588180542 0.005580000000000001
1.1908462047576904 0.0055850000000000006
1.1906688213348389 0.00559
1.1904915571212769 0.005595
1.1903142929077148 0.005600000000000001
1.1901371479034424 0.005605000000000001
1.18996000289917 0.00561
1.1897828578948975 0.005615
1.1896058320999146 0.005620000000000001
1.1894288063049316 0.005625000000000001
1.1892518997192383 0.0056300000000000005
1.189074993133545 0.005635
1.1888982057571411 0.00564
1.1887214183807373 0.005645000000000001
1.188544750213623 0.0056500000000000005
1.1883680820465088 0.005655
1.188191533088684 0.00566
1.1880149841308594 0.005665000000000001
1.1878384351730347 0.0056700000000000006
1.1876620054244995 0.005675
1.1874855756759644 0.00568
1.1873092651367188 0.005685000000000001
1.1871329545974731 0.005690000000000001
1.186956763267517 0.005695
1.186780571937561 0.0057
1.1866044998168945 0.005705000000000001
1.186428427696228 0.005710000000000001
1.186252474784851 0.0057150000000000005
1.1860765218734741 0.00572
1.1859005689620972 0.005725
1.1857247352600098 0.005730000000000001
1.1855489015579224 0.0057350000000000005
1.1853731870651245 0.00574
1.1851974725723267 0.005745
1.1850218772888184 0.005750000000000001
1.18484628200531 0.005755000000000001
1.1846708059310913 0.00576
1.1844953298568726 0.005765
1.1843199729919434 0.005770000000000001
1.1841446161270142 0.005775000000000001
1.183969259262085 0.00578
1.1837940216064453 0.005785
1.1836187839508057 0.005790000000000001
1.1834436655044556 0.005795000000000001
1.1832685470581055 0.0058000000000000005
1.183093547821045 0.005805
1.1829185485839844 0.00581
1.1827436685562134 0.005815000000000001
1.1825687885284424 0.0058200000000000005
1.1823939085006714 0.005825
1.18221914768219 0.00583
1.1820443868637085 0.005835000000000001
1.1818697452545166 0.005840000000000001
1.1816951036453247 0.005845
1.1815205812454224 0.00585
1.18134605884552 0.005855000000000001
1.1811716556549072 0.005860000000000001
1.1809972524642944 0.005865
1.1808228492736816 0.00587
1.1806485652923584 0.005875000000000001
1.1804742813110352 0.005880000000000001
1.1803001165390015 0.0058850000000000005
1.1801259517669678 0.00589
1.1799519062042236 0.005895
1.1797778606414795 0.005900000000000001
1.179603934288025 0.0059050000000000005
1.1794300079345703 0.00591
1.1792560815811157 0.005915
1.1790822744369507 0.005920000000000001
1.1789084672927856 0.005925000000000001
1.1787347793579102 0.00593
1.1785610914230347 0.005935
1.1783875226974487 0.005940000000000001
1.1782139539718628 0.005945000000000001
1.1780405044555664 0.00595
1.17786705493927 0.005955
1.1776936054229736 0.005960000000000001
1.1775202751159668 0.005965000000000001
1.17734694480896 0.0059700000000000005
1.1771737337112427 0.005975
1.1770005226135254 0.00598
1.1768274307250977 0.005985000000000001
1.17665433883667 0.0059900000000000005
1.1764813661575317 0.005995
1.1763083934783936 0.006
1.1761354207992554 0.006005000000000001
1.1759625673294067 0.006010000000000001
1.175789713859558 0.006015
1.175616979598999 0.00602
1.17544424533844 0.006025000000000001
1.1752716302871704 0.006030000000000001
1.1750990152359009 0.006035
1.1749264001846313 0.00604
1.1747539043426514 0.006045000000000001
1.1745814085006714 0.006050000000000001
1.174409031867981 0.0060550000000000005
1.1742366552352905 0.00606
1.1740643978118896 0.006065
1.1738921403884888 0.006070000000000001
1.1737200021743774 0.0060750000000000005
1.1735478639602661 0.00608
1.1733757257461548 0.006085
1.173203706741333 0.006090000000000001
1.1730316877365112 0.006095000000000001
1.172859787940979 0.0061
1.1726878881454468 0.006105
1.172516107559204 0.006110000000000001
1.1723443269729614 0.006115000000000001
1.1721725463867188 0.0061200000000000004
1.1720008850097656 0.006125
1.1718292236328125 0.006130000000000001
1.171657681465149 0.006135000000000001
1.1714861392974854 0.0061400000000000005
1.1713147163391113 0.006145
1.1711432933807373 0.00615
1.1709718704223633 0.006155000000000001
1.1708005666732788 0.0061600000000000005
1.1706292629241943 0.006165
1.1704580783843994 0.00617
1.1702868938446045 0.006175000000000001
1.1701158285140991 0.006180000000000001
1.1699447631835938 0.006185
1.1697736978530884 0.00619
1.1696027517318726 0.006195000000000001
1.1694318056106567 0.006200000000000001
1.1692609786987305 0.0062050000000000004
1.1690901517868042 0.00621
1.1689194440841675 0.006215000000000001
1.1687487363815308 0.006220000000000001
1.168578028678894 0.0062250000000000005
1.1684074401855469 0.00623
1.1682368516921997 0.006235
1.168066382408142 0.006240000000000001
1.1678959131240845 0.0062450000000000006
1.1677255630493164 0.00625
1.1675552129745483 0.006255
1.1673848628997803 0.006260000000000001
1.1672146320343018 0.006265000000000001
1.1670444011688232 0.00627
1.1668742895126343 0.006275
1.1667041778564453 0.006280000000000001
1.166534185409546 0.006285000000000001
1.1663641929626465 0.0062900000000000005
1.166194200515747 0.006295
1.1660243272781372 0.006300000000000001
1.1658544540405273 0.006305000000000001
1.165684700012207 0.0063100000000000005
1.1655149459838867 0.006315
1.165345311164856 0.00632
1.1651756763458252 0.006325000000000001
1.1650060415267944 0.0063300000000000006
1.1648365259170532 0.006335
1.164667010307312 0.00634
1.1644976139068604 0.006345000000000001
1.1643282175064087 0.006350000000000001
1.1641589403152466 0.006355
1.1639896631240845 0.00636
1.1638203859329224 0.006365000000000001
1.1636512279510498 0.006370000000000001
1.1634820699691772 0.0063750000000000005
1.1633130311965942 0.00638
1.1631439924240112 0.006385000000000001
1.1629750728607178 0.006390000000000001
1.1628061532974243 0.0063950000000000005
1.1626372337341309 0.0064
1.162468433380127 0.006405
1.162299633026123 0.006410000000000001
1.1621309518814087 0.0064150000000000006
1.1619622707366943 0.00642
1.16179358959198 0.006425
1.1616250276565552 0.006430000000000001
1.1614564657211304 0.006435000000000001
1.1612880229949951 0.00644
1.1611195802688599 0.006445
1.1609512567520142 0.006450000000000001
1.1607829332351685 0.006455000000000001
1.1606146097183228 0.0064600000000000005
1.1604464054107666 0.006465
1.1602782011032104 0.006470000000000001
1.1601101160049438 0.006475000000000001
1.1599420309066772 0.0064800000000000005
1.1597739458084106 0.006485
1.1596059799194336 0.00649
1.1594380140304565 0.006495000000000001
1.159270167350769 0.006500000000000001
1.1591023206710815 0.006505
1.1589345932006836 0.00651
1.1587668657302856 0.006515000000000001
1.1585991382598877 0.006520000000000001
1.1584315299987793 0.006525
1.158263921737671 0.00653
1.158096432685852 0.006535000000000001
1.1579289436340332 0.006540000000000001
1.1577614545822144 0.0065450000000000005
1.157594084739685 0.00655
1.1574267148971558 0.006555000000000001
1.157259464263916 0.006560000000000001
1.1570922136306763 0.0065650000000000005
1.156925082206726 0.00657
1.1567579507827759 0.006575
1.1565908193588257 0.006580000000000001
1.156423807144165 0.006585000000000001
1.1562567949295044 0.00659
1.1560899019241333 0.006595
1.1559230089187622 0.006600000000000001
1.1557561159133911 0.006605000000000001
1.1555893421173096 0.00661
1.155422568321228 0.006615
1.155255913734436 0.006620000000000001
1.155089259147644 0.006625000000000001
1.1549227237701416 0.0066300000000000005
1.1547561883926392 0.006635
1.1545896530151367 0.006640000000000001
1.1544232368469238 0.006645000000000001
1.154256820678711 0.0066500000000000005
1.1540905237197876 0.006655
1.1539242267608643 0.00666
1.153757929801941 0.006665000000000001
1.1535917520523071 0.006670000000000001
1.1534255743026733 0.006675
1.153259515762329 0.00668
1.1530934572219849 0.006685000000000001
1.1529273986816406 0.006690000000000001
1.152761459350586 0.006695
1.1525955200195312 0.0067
1.1524296998977661 0.006705000000000001
1.152263879776001 0.006710000000000001
1.1520980596542358 0.0067150000000000005
1.1519323587417603 0.00672
1.1517666578292847 0.006725000000000001
1.1516010761260986 0.006730000000000001
1.1514354944229126 0.0067350000000000005
1.1512700319290161 0.00674
1.1511045694351196 0.006745
1.1509391069412231 0.006750000000000001
1.1507737636566162 0.006755000000000001
1.1506084203720093 0.00676
1.150443196296692 0.006765
1.1502779722213745 0.006770000000000001
1.1501127481460571 0.006775000000000001
1.1499476432800293 0.0067800000000000004
1.1497825384140015 0.006785
1.1496175527572632 0.006790000000000001
1.149452567100525 0.006795000000000001
1.1492875814437866 0.0068000000000000005
1.149122714996338 0.006805
1.1489578485488892 0.006810000000000001
1.14879310131073 0.006815000000000001
1.1486283540725708 0.0068200000000000005
1.1484636068344116 0.006825
1.148298978805542 0.00683
1.1481343507766724 0.006835000000000001
1.1479698419570923 0.006840000000000001
1.1478053331375122 0.006845
1.1476408243179321 0.00685
1.1474764347076416 0.006855000000000001
1.147312045097351 0.006860000000000001
1.14714777469635 0.0068650000000000004
1.1469835042953491 0.00687
1.1468192338943481 0.006875000000000001
1.1466550827026367 0.006880000000000001
1.1464909315109253 0.0068850000000000005
1.1463268995285034 0.00689
1.1461628675460815 0.006895000000000001
1.1459988355636597 0.006900000000000001
1.1458349227905273 0.0069050000000000005
1.145671010017395 0.00691
1.1455072164535522 0.006915
1.1453434228897095 0.006920000000000001
1.1451796293258667 0.006925000000000001
1.1450159549713135 0.00693
1.1448522806167603 0.006935
1.1446887254714966 0.006940000000000001
1.144525170326233 0.006945000000000001
1.1443616151809692 0.0069500000000000004
1.1441981792449951 0.006955
1.144034743309021 0.006960000000000001
1.1438714265823364 0.006965000000000001
1.1437081098556519 0.0069700000000000005
1.1435447931289673 0.006975
1.1433815956115723 0.006980000000000001
1.1432183980941772 0.006985000000000001
1.1430553197860718 0.0069900000000000006
1.1428922414779663 0.006995
1.1427291631698608 0.007
1.142566204071045 0.007005000000000001
1.142403244972229 0.007010000000000001
1.1422404050827026 0.007015
1.1420775651931763 0.00702
1.14191472530365 0.007025000000000001
1.141752004623413 0.007030000000000001
1.1415892839431763 0.0070350000000000005
1.141426682472229 0.00704
1.1412640810012817 0.007045000000000001
1.1411014795303345 0.007050000000000001
1.1409389972686768 0.0070550000000000005
1.140776515007019 0.00706
1.1406141519546509 0.007065000000000001
1.1404517889022827 0.007070000000000001
1.1402894258499146 0.0070750000000000006
1.140127182006836 0.00708
1.1399649381637573 0.007085
1.1398028135299683 0.007090000000000001
1.1396406888961792 0.007095000000000001
1.1394785642623901 0.0071
1.1393165588378906 0.007105
1.1391545534133911 0.007110000000000001
1.1389926671981812 0.007115000000000001
1.1388307809829712 0.0071200000000000005
1.1386688947677612 0.007125
1.1385071277618408 0.007130000000000001
1.1383453607559204 0.007135000000000001
1.1381837129592896 0.0071400000000000005
1.1380220651626587 0.007145
1.1378604173660278 0.007150000000000001
1.1376988887786865 0.007155000000000001
1.1375373601913452 0.0071600000000000006
1.1373759508132935 0.007165
1.1372145414352417 0.00717
1.13705313205719 0.007175000000000001
1.1368918418884277 0.007180000000000001
1.1367305517196655 0.007185
1.1365692615509033 0.00719
1.1364080905914307 0.007195000000000001
1.136246919631958 0.007200000000000001
1.136085867881775 0.0072050000000000005
1.1359248161315918 0.00721
1.1357637643814087 0.007215000000000001
1.1356028318405151 0.007220000000000001
1.1354418992996216 0.0072250000000000005
1.1352810859680176 0.00723
1.1351202726364136 0.007235000000000001
1.1349594593048096 0.007240000000000001
1.1347987651824951 0.007245000000000001
1.1346380710601807 0.00725
1.1344774961471558 0.007255
1.1343169212341309 0.007260000000000001
1.134156346321106 0.007265000000000001
1.1339958906173706 0.00727
1.1338354349136353 0.007275
1.1336749792099 0.007280000000000001
1.133514642715454 0.007285000000000001
1.1333543062210083 0.0072900000000000005
1.133194088935852 0.007295
1.1330338716506958 0.007300000000000001
1.1328736543655396 0.007305000000000001
1.1327135562896729 0.0073100000000000005
1.1325534582138062 0.007315
1.132393479347229 0.007320000000000001
1.1322335004806519 0.007325000000000001
1.1320735216140747 0.007330000000000001
1.131913661956787 0.007335
1.1317538022994995 0.00734
1.131593942642212 0.007345000000000001
1.1314342021942139 0.007350000000000001
1.1312744617462158 0.007355
1.1311148405075073 0.00736
1.1309552192687988 0.007365000000000001
1.1307955980300903 0.007370000000000001
1.1306360960006714 0.0073750000000000005
1.1304765939712524 0.00738
1.130317211151123 0.007385000000000001
1.1301578283309937 0.007390000000000001
1.1299984455108643 0.0073950000000000005
1.1298391819000244 0.0074
1.1296799182891846 0.007405000000000001
1.1295206546783447 0.007410000000000001
1.1293615102767944 0.007415000000000001
1.1292023658752441 0.00742
1.1290433406829834 0.007425
1.1288843154907227 0.007430000000000001
1.128725290298462 0.007435000000000001
1.1285663843154907 0.00744
1.1284074783325195 0.007445
1.1282485723495483 0.007450000000000001
1.1280897855758667 0.007455000000000001
1.127930998802185 0.0074600000000000005
1.127772331237793 0.007465
1.1276136636734009 0.007470000000000001
1.1274549961090088 0.007475000000000001
1.1272964477539062 0.0074800000000000005
1.1271378993988037 0.007485
1.1269794702529907 0.007490000000000001
1.1268210411071777 0.007495000000000001
1.1266626119613647 0.007500000000000001
1.1265043020248413 0.007505
1.1263459920883179 0.00751
1.1261876821517944 0.007515000000000001
1.1260294914245605 0.007520000000000001
1.1258713006973267 0.0075250000000000004
1.1257132291793823 0.00753
1.125555157661438 0.007535000000000001
1.1253970861434937 0.007540000000000001
1.1252391338348389 0.0075450000000000005
1.125081181526184 0.00755
1.1249232292175293 0.007555000000000001
1.124765396118164 0.007560000000000001
1.1246075630187988 0.0075650000000000005
1.1244498491287231 0.00757
1.1242921352386475 0.007575000000000001
1.1241344213485718 0.007580000000000001
1.1239768266677856 0.007585000000000001
1.1238192319869995 0.00759
1.1236616373062134 0.007595
1.1235041618347168 0.007600000000000001
1.1233466863632202 0.007605000000000001
1.1231893301010132 0.0076100000000000004
1.1230319738388062 0.007615
1.1228746175765991 0.007620000000000001
1.1227173805236816 0.007625000000000001
1.1225601434707642 0.0076300000000000005
1.1224029064178467 0.007635
1.1222457885742188 0.007640000000000001
1.1220886707305908 0.007645000000000001
1.1219316720962524 0.0076500000000000005
1.121774673461914 0.007655
1.1216176748275757 0.007660000000000001
1.1214607954025269 0.007665000000000001
1.121303915977478 0.007670000000000001
1.1211470365524292 0.007675
1.12099027633667 0.007680000000000001
1.1208335161209106 0.007685000000000001
1.120676875114441 0.007690000000000001
1.1205202341079712 0.0076950000000000005
1.1203635931015015 0.0077
1.1202070713043213 0.007705000000000001
1.1200505495071411 0.007710000000000001
1.119894027709961 0.0077150000000000005
1.1197376251220703 0.00772
1.1195812225341797 0.007725000000000001
1.1194249391555786 0.007730000000000001
1.1192686557769775 0.0077350000000000006
1.1191123723983765 0.00774
1.118956208229065 0.007745000000000001
1.1188000440597534 0.007750000000000001
1.118643879890442 0.007755000000000001
1.11848783493042 0.00776
1.118331789970398 0.007765000000000001
1.1181758642196655 0.007770000000000001
1.118019938468933 0.007775000000000001
1.1178640127182007 0.0077800000000000005
1.1177082061767578 0.007785
1.117552399635315 0.007790000000000001
1.117396593093872 0.007795000000000001
1.1172409057617188 0.0078000000000000005
1.1170852184295654 0.007805
1.116929531097412 0.007810000000000001
1.1167739629745483 0.007815
1.1166183948516846 0.00782
1.1164629459381104 0.007825
1.1163074970245361 0.00783
1.116152048110962 0.007835
1.1159967184066772 0.007840000000000001
1.1158413887023926 0.007845000000000001
1.115686058998108 0.007850000000000001
1.1155308485031128 0.007855000000000001
1.1153756380081177 0.00786
1.1152204275131226 0.007865
1.115065336227417 0.00787
1.1149102449417114 0.007875
1.1147552728652954 0.00788
1.1146003007888794 0.007885000000000001
1.1144453287124634 0.007890000000000001
1.114290475845337 0.007895000000000001
1.1141356229782104 0.0079
1.113980770111084 0.007905
1.113826036453247 0.00791
1.1136713027954102 0.007915
1.1135166883468628 0.00792
1.1133620738983154 0.007925000000000001
1.113207459449768 0.007930000000000001
1.1130529642105103 0.007935000000000001
1.1128984689712524 0.007940000000000001
1.1127439737319946 0.007945
1.1125895977020264 0.00795
1.112435221672058 0.007955
1.1122808456420898 0.00796
1.1121265888214111 0.007965
1.1119723320007324 0.007970000000000001
1.1118181943893433 0.007975000000000001
1.111664056777954 0.007980000000000001
1.111509919166565 0.007985
1.1113559007644653 0.00799
1.1112018823623657 0.007995
1.1110478639602661 0.008
1.110893964767456 0.008005
1.110740065574646 0.008010000000000001
1.110586166381836 0.008015000000000001
1.1104323863983154 0.008020000000000001
1.110278606414795 0.008025000000000001
1.110124945640564 0.00803
1.109971284866333 0.008035
1.109817624092102 0.00804
1.1096640825271606 0.008045
1.1095105409622192 0.00805
1.1093569993972778 0.008055000000000001
1.109203577041626 0.008060000000000001
1.1090501546859741 0.008065000000000001
1.1088967323303223 0.00807
1.10874342918396 0.008075
1.1085901260375977 0.00808
1.1084368228912354 0.008085
1.1082836389541626 0.00809
1.1081304550170898 0.008095000000000001
1.1079773902893066 0.008100000000000001
1.1078243255615234 0.008105000000000001
1.1076712608337402 0.008110000000000001
1.1075183153152466 0.008115
1.107365369796753 0.00812
1.1072124242782593 0.008125
1.1070595979690552 0.00813
1.106906771659851 0.008135
1.106753945350647 0.008140000000000001
1.1066012382507324 0.008145000000000001
1.1064485311508179 0.008150000000000001
1.1062958240509033 0.008155
1.1061432361602783 0.00816
1.1059906482696533 0.008165
1.1058381795883179 0.00817
1.1056857109069824 0.008175
1.105533242225647 0.008180000000000002
1.105380892753601 0.008185000000000001
1.1052285432815552 0.008190000000000001
1.1050761938095093 0.008195000000000001
1.104923963546753 0.0082
1.1047717332839966 0.008205
1.1046195030212402 0.00821
1.1044673919677734 0.008215
1.1043152809143066 0.00822
1.1041631698608398 0.008225000000000001
1.1040111780166626 0.008230000000000001
1.1038591861724854 0.008235000000000001
1.1037073135375977 0.00824
1.10355544090271 0.008245
1.1034035682678223 0.00825
1.1032518148422241 0.008255
1.103100061416626 0.00826
1.1029483079910278 0.008265000000000002
1.1027966737747192 0.008270000000000001
1.1026450395584106 0.008275000000000001
1.102493405342102 0.008280000000000001
1.102341890335083 0.008285
1.102190375328064 0.00829
1.102038860321045 0.008295
1.1018874645233154 0.0083
1.101736068725586 0.008305
1.1015846729278564 0.008310000000000001
1.1014333963394165 0.008315000000000001
1.1012821197509766 0.008320000000000001
1.1011309623718262 0.008325
1.1009798049926758 0.00833
1.1008286476135254 0.008335
1.1006776094436646 0.00834
1.1005265712738037 0.008345
1.1003755331039429 0.008350000000000002
1.1002246141433716 0.008355000000000001
1.1000736951828003 0.008360000000000001
1.099922776222229 0.008365000000000001
1.0997719764709473 0.00837
1.0996211767196655 0.008375
1.0994703769683838 0.00838
1.0993196964263916 0.008385
1.0991690158843994 0.00839
1.0990183353424072 0.008395000000000001
1.0988677740097046 0.008400000000000001
1.098717212677002 0.008405000000000001
1.0985667705535889 0.00841
1.0984163284301758 0.008415
1.0982658863067627 0.00842
1.0981155633926392 0.008425
1.0979652404785156 0.00843
1.097814917564392 0.008435000000000002
1.097664713859558 0.008440000000000001
1.0975145101547241 0.008445000000000001
1.0973643064498901 0.008450000000000001
1.0972142219543457 0.008455
1.0970641374588013 0.00846
1.0969140529632568 0.008465
1.096764087677002 0.00847
1.096614122390747 0.008475
1.0964641571044922 0.008480000000000001
1.0963143110275269 0.008485000000000001
1.0961644649505615 0.008490000000000001
1.0960146188735962 0.008495
1.0958648920059204 0.0085
1.0957151651382446 0.008505
1.0955654382705688 0.00851
1.0954158306121826 0.008515
1.0952662229537964 0.008520000000000002
1.0951166152954102 0.008525000000000001
1.0949671268463135 0.008530000000000001
1.0948176383972168 0.008535000000000001
1.0946682691574097 0.00854
1.0945188999176025 0.008545
1.0943695306777954 0.00855
1.0942202806472778 0.008555
1.0940710306167603 0.00856
1.0939217805862427 0.008565000000000001
1.0937726497650146 0.008570000000000001
1.0936235189437866 0.008575000000000001
1.0934743881225586 0.00858
1.0933253765106201 0.008585
1.0931763648986816 0.00859
1.0930273532867432 0.008595
1.0928784608840942 0.0086
1.0927295684814453 0.008605000000000002
1.0925806760787964 0.008610000000000001
1.092431902885437 0.008615000000000001
1.0922831296920776 0.008620000000000001
1.0921343564987183 0.008625
1.0919857025146484 0.00863
1.0918370485305786 0.008635
1.0916883945465088 0.00864
1.0915398597717285 0.008645
1.0913913249969482 0.008650000000000001
1.091242790222168 0.008655000000000001
1.0910943746566772 0.008660000000000001
1.0909459590911865 0.008665
1.0907975435256958 0.00867
1.0906492471694946 0.008675
1.0905009508132935 0.00868
1.0903526544570923 0.008685
1.0902044773101807 0.008690000000000002
1.090056300163269 0.008695000000000001
1.0899081230163574 0.008700000000000001
1.0897600650787354 0.008705000000000001
1.0896120071411133 0.00871
1.0894640684127808 0.008715
1.0893161296844482 0.00872
1.0891681909561157 0.008725
1.0890203714370728 0.00873
1.0888725519180298 0.008735000000000001
1.0887247323989868 0.008740000000000001
1.0885770320892334 0.008745000000000001
1.08842933177948 0.00875
1.0882816314697266 0.008755
1.0881340503692627 0.00876
1.0879864692687988 0.008765
1.087838888168335 0.00877
1.0876914262771606 0.008775000000000002
1.0875439643859863 0.008780000000000001
1.087396502494812 0.008785000000000001
1.0872491598129272 0.008790000000000001
1.0871018171310425 0.008795
1.0869544744491577 0.0088
1.0868072509765625 0.008805
1.0866600275039673 0.00881
1.086512804031372 0.008815
1.0863656997680664 0.008820000000000001
1.0862185955047607 0.008825000000000001
1.086071491241455 0.008830000000000001
1.085924506187439 0.008835
1.0857775211334229 0.00884
1.0856305360794067 0.008845
1.0854836702346802 0.00885
1.0853368043899536 0.008855
1.085189938545227 0.008860000000000002
1.08504319190979 0.008865000000000001
1.084896445274353 0.008870000000000001
1.084749698638916 0.008875000000000001
1.0846030712127686 0.00888
1.084456443786621 0.008885
1.0843098163604736 0.00889
1.0841633081436157 0.008895
1.0840167999267578 0.0089
1.0838702917099 0.008905000000000001
1.0837239027023315 0.008910000000000001
1.0835775136947632 0.008915000000000001
1.0834311246871948 0.00892
1.083284854888916 0.008925
1.0831385850906372 0.00893
1.0829923152923584 0.008935
1.0828461647033691 0.00894
1.0827000141143799 0.008945000000000002
1.0825538635253906 0.008950000000000001
1.082407832145691 0.008955000000000001
1.0822618007659912 0.008960000000000001
1.0821157693862915 0.008965
1.0819698572158813 0.00897
1.0818239450454712 0.008975
1.081678032875061 0.00898
1.0815322399139404 0.008985
1.0813864469528198 0.008990000000000001
1.0812406539916992 0.008995000000000001
1.0810949802398682 0.009000000000000001
1.080949306488037 0.009005
1.080803632736206 0.00901
1.0806580781936646 0.009015
1.080512523651123 0.00902
1.0803669691085815 0.009025
1.0802215337753296 0.009030000000000002
1.0800760984420776 0.009035000000000001
1.0799306631088257 0.009040000000000001
1.0797853469848633 0.009045000000000001
1.0796400308609009 0.00905
1.0794947147369385 0.009055
1.0793495178222656 0.00906
1.0792043209075928 0.009065
1.07905912399292 0.00907
1.0789140462875366 0.009075000000000001
1.0787689685821533 0.009080000000000001
1.07862389087677 0.009085000000000001
1.0784788131713867 0.00909
1.078333854675293 0.009095
1.0781888961791992 0.0091
1.0780439376831055 0.009105
1.0778990983963013 0.00911
1.077754259109497 0.009115000000000002
1.0776094198226929 0.009120000000000001
1.0774646997451782 0.009125000000000001
1.0773199796676636 0.009130000000000001
1.077175259590149 0.009135
1.0770306587219238 0.00914
1.0768860578536987 0.009145
1.0767414569854736 0.00915
1.076596975326538 0.009155
1.0764524936676025 0.009160000000000001
1.076308012008667 0.009165000000000001
1.076163649559021 0.009170000000000001
1.076019287109375 0.009175
1.075874924659729 0.00918
1.0757306814193726 0.009185
1.0755864381790161 0.00919
1.0754421949386597 0.009195
1.0752980709075928 0.009200000000000002
1.0751539468765259 0.009205000000000001
1.075009822845459 0.009210000000000001
1.0748658180236816 0.009215000000000001
1.0747218132019043 0.00922
1.074577808380127 0.009225
1.0744339227676392 0.00923
1.0742900371551514 0.009235
1.0741461515426636 0.00924
1.0740023851394653 0.009245000000000001
1.073858618736267 0.009250000000000001
1.0737148523330688 0.009255000000000001
1.0735712051391602 0.009260000000000001
1.0734275579452515 0.009265
1.0732839107513428 0.00927
1.0731403827667236 0.009275
1.0729968547821045 0.00928
1.0728533267974854 0.009285000000000002
1.0727099180221558 0.009290000000000001
1.0725665092468262 0.009295000000000001
1.0724231004714966 0.009300000000000001
1.0722798109054565 0.009305
1.0721365213394165 0.00931
1.0719932317733765 0.009315
1.071850061416626 0.00932
1.0717068910598755 0.009325
1.071563720703125 0.009330000000000001
1.0714205503463745 0.009335000000000001
1.0712774991989136 0.009340000000000001
1.0711344480514526 0.009345000000000001
1.0709913969039917 0.00935
1.0708484649658203 0.009355
1.070705533027649 0.00936
1.0705626010894775 0.009365
1.0704197883605957 0.009370000000000002
1.0702769756317139 0.009375000000000001
1.070134162902832 0.009380000000000001
1.0699914693832397 0.009385000000000001
1.0698487758636475 0.00939
1.0697060823440552 0.009395
1.0695635080337524 0.0094
1.0694209337234497 0.009405
1.069278359413147 0.00941
1.0691359043121338 0.009415000000000001
1.0689934492111206 0.009420000000000001
1.0688509941101074 0.009425000000000001
1.0687086582183838 0.009430000000000001
1.0685663223266602 0.009435
1.0684239864349365 0.00944
1.0682817697525024 0.009445
1.0681395530700684 0.00945
1.0679973363876343 0.009455000000000002
1.0678552389144897 0.009460000000000001
1.0677131414413452 0.009465000000000001
1.0675710439682007 0.009470000000000001
1.0674289464950562 0.009475
1.0672869682312012 0.00948
1.0671449899673462 0.009485
1.0670030117034912 0.00949
1.0668611526489258 0.009495
1.0667192935943604 0.009500000000000001
1.066577434539795 0.009505000000000001
