1.4321099519729614 5e-06
1.4318256378173828 1e-05
1.4315414428710938 1.5000000000000002e-05
1.4312573671340942 2e-05
1.4309734106063843 2.5e-05
1.4306896924972534 3.0000000000000004e-05
1.430406093597412 3.5000000000000004e-05
1.4301226139068604 4e-05
1.4298392534255981 4.5e-05
1.4295560121536255 5e-05
1.429273009300232 5.5e-05
1.428990125656128 6.000000000000001e-05
1.4287073612213135 6.500000000000001e-05
1.4284247159957886 7.000000000000001e-05
1.4281423091888428 7.500000000000001e-05
1.4278600215911865 8e-05
1.4275778532028198 8.5e-05
1.4272958040237427 9e-05
1.4270139932632446 9.5e-05
1.4267323017120361 0.0001
1.4264507293701172 0.000105
1.4261692762374878 0.00011
1.425887942314148 0.000115
1.4256068468093872 0.00012000000000000002
1.425325870513916 0.000125
1.4250450134277344 0.00013000000000000002
1.4247642755508423 0.000135
1.4244837760925293 0.00014000000000000001
1.4242033958435059 0.000145
1.423923134803772 0.00015000000000000001
1.4236429929733276 0.000155
1.4233629703521729 0.00016
1.4230831861495972 0.00016500000000000003
1.422803521156311 0.00017
1.4225239753723145 0.00017500000000000003
1.4222445487976074 0.00018
1.42196524143219 0.00018500000000000002
1.421686053276062 0.00019
1.4214071035385132 0.00019500000000000002
1.421128273010254 0.0002
1.4208495616912842 0.00020500000000000002
1.420570969581604 0.00021
1.4202924966812134 0.00021500000000000002
1.4200142621994019 0.00022
1.4197361469268799 0.00022500000000000002
1.4194581508636475 0.00023
1.4191802740097046 0.00023500000000000002
1.4189025163650513 0.00024000000000000003
1.4186248779296875 0.00024500000000000005
1.4183474779129028 0.00025
1.4180701971054077 0.000255
1.4177930355072021 0.00026000000000000003
1.4175159931182861 0.00026500000000000004
1.4172390699386597 0.00027
1.4169622659683228 0.000275
1.4166855812072754 0.00028000000000000003
1.4164091348648071 0.00028500000000000004
1.4161328077316284 0.00029
1.4158565998077393 0.000295
1.4155805110931396 0.00030000000000000003
1.4153045415878296 0.00030500000000000004
1.415028691291809 0.00031
1.4147530794143677 0.000315
1.4144775867462158 0.00032
1.4142022132873535 0.00032500000000000004
1.4139269590377808 0.00033000000000000005
1.4136518239974976 0.000335
1.413376808166504 0.00034
1.4131019115447998 0.00034500000000000004
1.4128271341323853 0.00035000000000000005
1.4125525951385498 0.000355
1.412278175354004 0.00036
1.4120038747787476 0.00036500000000000004
1.4117296934127808 0.00037000000000000005
1.4114556312561035 0.000375
1.4111816883087158 0.00038
1.4109078645706177 0.00038500000000000003
1.410634160041809 0.00039000000000000005
1.4103606939315796 0.000395
1.4100873470306396 0.0004
1.4098141193389893 0.00040500000000000003
1.4095410108566284 0.00041000000000000005
1.4092680215835571 0.00041500000000000006
1.4089951515197754 0.00042
1.4087224006652832 0.00042500000000000003
1.4084497690200806 0.00043000000000000004
1.4081772565841675 0.00043500000000000006
1.407904863357544 0.00044
1.4076327085494995 0.00044500000000000003
1.4073606729507446 0.00045000000000000004
1.4070887565612793 0.00045500000000000006
1.4068169593811035 0.00046
1.4065452814102173 0.000465
1.4062737226486206 0.00047000000000000004
1.4060022830963135 0.00047500000000000005
1.405730962753296 0.00048000000000000007
1.4054597616195679 0.000485
1.4051886796951294 0.0004900000000000001
1.4049177169799805 0.000495
1.4046469926834106 0.0005
1.4043763875961304 0.000505
1.4041059017181396 0.00051
1.4038355350494385 0.000515
1.4035652875900269 0.0005200000000000001
1.4032951593399048 0.0005250000000000001
1.4030251502990723 0.0005300000000000001
1.4027552604675293 0.000535
1.4024854898452759 0.00054
1.402215838432312 0.000545
1.4019463062286377 0.00055
1.401676893234253 0.000555
1.4014075994491577 0.0005600000000000001
1.401138424873352 0.0005650000000000001
1.4008694887161255 0.0005700000000000001
1.4006006717681885 0.0005750000000000001
1.400331974029541 0.00058
1.400063395500183 0.000585
1.3997949361801147 0.00059
1.399526596069336 0.000595
1.3992583751678467 0.0006000000000000001
1.398990273475647 0.0006050000000000001
1.3987222909927368 0.0006100000000000001
1.3984544277191162 0.0006150000000000001
1.3981866836547852 0.00062
1.3979190587997437 0.000625
1.3976515531539917 0.00063
1.3973841667175293 0.000635
1.3971168994903564 0.00064
1.3968497514724731 0.0006450000000000001
1.3965827226638794 0.0006500000000000001
1.3963158130645752 0.0006550000000000001
1.3960490226745605 0.0006600000000000001
1.3957823514938354 0.000665
1.3955159187316895 0.00067
1.395249605178833 0.000675
1.3949834108352661 0.00068
1.3947173357009888 0.0006850000000000001
1.394451379776001 0.0006900000000000001
1.3941855430603027 0.0006950000000000001
1.393919825553894 0.0007000000000000001
1.393654227256775 0.000705
1.3933887481689453 0.00071
1.3931233882904053 0.000715
1.3928581476211548 0.00072
1.3925930261611938 0.0007250000000000001
1.3923280239105225 0.0007300000000000001
1.3920631408691406 0.0007350000000000001
1.3917983770370483 0.0007400000000000001
1.3915337324142456 0.0007450000000000001
1.3912692070007324 0.00075
1.3910048007965088 0.000755
1.3907405138015747 0.00076
1.3904763460159302 0.0007650000000000001
1.3902122974395752 0.0007700000000000001
1.3899483680725098 0.0007750000000000001
1.3896845579147339 0.0007800000000000001
1.3894208669662476 0.0007850000000000001
1.3891572952270508 0.00079
1.3888938426971436 0.000795
1.3886305093765259 0.0008
1.3883672952651978 0.000805
1.3881042003631592 0.0008100000000000001
1.3878412246704102 0.0008150000000000001
1.3875783681869507 0.0008200000000000001
1.3873156309127808 0.0008250000000000001
1.3870530128479004 0.0008300000000000001
1.3867905139923096 0.000835
1.3865281343460083 0.00084
1.3862658739089966 0.000845
1.3860037326812744 0.0008500000000000001
1.3857417106628418 0.0008550000000000001
1.3854798078536987 0.0008600000000000001
1.3852180242538452 0.0008650000000000001
1.3849563598632812 0.0008700000000000001
1.3846948146820068 0.000875
1.384433388710022 0.00088
1.3841720819473267 0.000885
1.383910894393921 0.0008900000000000001
1.3836498260498047 0.0008950000000000001
1.383388876914978 0.0009000000000000001
1.383128046989441 0.0009050000000000001
1.3828673362731934 0.0009100000000000001
1.3826067447662354 0.0009150000000000001
1.382346272468567 0.00092
1.3820858001708984 0.000925
1.3818254470825195 0.00093
1.3815652132034302 0.0009350000000000001
1.3813050985336304 0.0009400000000000001
1.3810451030731201 0.0009450000000000001
1.3807852268218994 0.0009500000000000001
1.3805254697799683 0.0009550000000000001
1.3802658319473267 0.0009600000000000001
1.3800063133239746 0.000965
1.379746913909912 0.00097
1.3794876337051392 0.0009750000000000001
1.3792284727096558 0.0009800000000000002
1.378969430923462 0.000985
1.3787105083465576 0.00099
1.3784517049789429 0.000995
1.3781930208206177 0.001
1.377934455871582 0.001005
1.377676010131836 0.00101
1.3774176836013794 0.001015
1.3771594762802124 0.00102
1.376901388168335 0.001025
1.376643419265747 0.00103
1.3763855695724487 0.0010350000000000001
1.37612783908844 0.0010400000000000001
1.3758702278137207 0.0010450000000000001
1.375612735748291 0.0010500000000000002
1.3753553628921509 0.0010550000000000002
1.3750981092453003 0.0010600000000000002
1.3748408555984497 0.0010650000000000002
1.3745837211608887 0.00107
1.3743267059326172 0.001075
1.3740698099136353 0.00108
1.3738130331039429 0.001085
1.37355637550354 0.00109
1.3732998371124268 0.001095
1.373043417930603 0.0011
1.3727871179580688 0.001105
1.3725309371948242 0.00111
1.3722748756408691 0.001115
1.3720189332962036 0.0011200000000000001
1.3717631101608276 0.0011250000000000001
1.3715074062347412 0.0011300000000000001
1.3712518215179443 0.0011350000000000002
1.370996356010437 0.0011400000000000002
1.3707408905029297 0.0011450000000000002
1.370485544204712 0.0011500000000000002
1.3702303171157837 0.001155
1.369975209236145 0.00116
1.369720220565796 0.001165
1.3694653511047363 0.00117
1.3692106008529663 0.001175
1.3689559698104858 0.00118
1.368701457977295 0.001185
1.3684470653533936 0.00119
1.3681927919387817 0.001195
1.3679386377334595 0.0012000000000000001
1.3676846027374268 0.0012050000000000001
1.3674306869506836 0.0012100000000000001
1.3671767711639404 0.0012150000000000002
1.3669229745864868 0.0012200000000000002
1.3666692972183228 0.0012250000000000002
1.3664157390594482 0.0012300000000000002
1.3661623001098633 0.0012350000000000002
1.3659089803695679 0.00124
1.365655779838562 0.001245
1.3654026985168457 0.00125
1.365149736404419 0.001255
1.3648968935012817 0.00126
1.364644169807434 0.001265
1.3643914461135864 0.00127
1.3641388416290283 0.001275
1.3638863563537598 0.00128
1.3636339902877808 0.0012850000000000001
1.3633817434310913 0.0012900000000000001
1.3631296157836914 0.0012950000000000001
1.362877607345581 0.0013000000000000002
1.3626257181167603 0.0013050000000000002
1.362373948097229 0.0013100000000000002
1.3621222972869873 0.0013150000000000002
1.3618707656860352 0.0013200000000000002
1.361619234085083 0.001325
1.3613678216934204 0.00133
1.3611165285110474 0.001335
1.3608653545379639 0.00134
1.36061429977417 0.001345
1.3603633642196655 0.00135
1.3601125478744507 0.001355
1.3598618507385254 0.00136
1.3596112728118896 0.0013650000000000001
1.359360694885254 0.0013700000000000001
1.3591102361679077 0.0013750000000000001
1.358859896659851 0.0013800000000000002
1.358609676361084 0.0013850000000000002
1.3583595752716064 0.0013900000000000002
1.3581095933914185 0.0013950000000000002
1.35785973072052 0.0014000000000000002
1.3576099872589111 0.0014050000000000002
1.3573603630065918 0.00141
1.3571107387542725 0.001415
1.3568612337112427 0.00142
1.3566118478775024 0.001425
1.3563625812530518 0.00143
1.3561134338378906 0.001435
1.355864405632019 0.00144
1.355615496635437 0.001445
1.3553667068481445 0.0014500000000000001
1.355117917060852 0.0014550000000000001
1.3548692464828491 0.0014600000000000001
1.3546206951141357 0.0014650000000000002
1.354372262954712 0.0014700000000000002
1.3541239500045776 0.0014750000000000002
1.353875756263733 0.0014800000000000002
1.3536276817321777 0.0014850000000000002
1.353379726409912 0.0014900000000000002
1.3531317710876465 0.001495
1.3528839349746704 0.0015
1.3526362180709839 0.001505
1.352388620376587 0.00151
1.3521411418914795 0.001515
1.3518937826156616 0.00152
1.3516465425491333 0.001525
1.351399302482605 0.0015300000000000001
1.3511521816253662 0.0015350000000000001
1.350905179977417 0.0015400000000000001
1.3506582975387573 0.0015450000000000001
1.3504115343093872 0.0015500000000000002
1.3501648902893066 0.0015550000000000002
1.3499183654785156 0.0015600000000000002
1.3496719598770142 0.0015650000000000002
1.3494255542755127 0.0015700000000000002
1.3491792678833008 0.0015750000000000002
1.3489331007003784 0.00158
1.3486870527267456 0.001585
1.3484411239624023 0.00159
1.3481953144073486 0.001595
1.347949504852295 0.0016
1.3477038145065308 0.001605
1.3474582433700562 0.00161
1.347212791442871 0.0016150000000000001
1.3469674587249756 0.0016200000000000001
1.3467222452163696 0.0016250000000000001
1.3464771509170532 0.0016300000000000002
1.3462320566177368 0.0016350000000000002
1.34598708152771 0.0016400000000000002
1.3457422256469727 0.0016450000000000002
1.345497488975525 0.0016500000000000002
1.3452528715133667 0.0016550000000000002
1.345008373260498 0.0016600000000000002
1.344763994216919 0.001665
1.3445196151733398 0.00167
1.3442753553390503 0.001675
1.3440312147140503 0.00168
1.3437871932983398 0.001685
1.343543291091919 0.00169
1.3432995080947876 0.0016950000000000001
1.3430557250976562 0.0017000000000000001
1.3428120613098145 0.0017050000000000001
1.3425685167312622 0.0017100000000000001
1.3423250913619995 0.0017150000000000002
1.3420817852020264 0.0017200000000000002
1.3418385982513428 0.0017250000000000002
1.3415954113006592 0.0017300000000000002
1.3413523435592651 0.0017350000000000002
1.3411093950271606 0.0017400000000000002
1.3408665657043457 0.0017450000000000002
1.3406238555908203 0.00175
1.3403812646865845 0.001755
1.3401386737823486 0.00176
1.3398962020874023 0.001765
1.3396538496017456 0.00177
1.3394116163253784 0.001775
1.3391695022583008 0.0017800000000000001
1.3389273881912231 0.0017850000000000001
1.338685393333435 0.0017900000000000001
1.3384435176849365 0.0017950000000000002
1.3382017612457275 0.0018000000000000002
1.337960124015808 0.0018050000000000002
1.3377186059951782 0.0018100000000000002
1.3374770879745483 0.0018150000000000002
1.337235689163208 0.0018200000000000002
1.3369944095611572 0.0018250000000000002
1.336753249168396 0.0018300000000000002
1.3365122079849243 0.001835
1.3362712860107422 0.00184
1.33603036403656 0.001845
1.3357895612716675 0.00185
1.3355488777160645 0.001855
1.335308313369751 0.00186
1.335067868232727 0.0018650000000000001
1.3348274230957031 0.0018700000000000001
1.3345870971679688 0.0018750000000000001
1.334346890449524 0.0018800000000000002
1.3341068029403687 0.0018850000000000002
1.333866834640503 0.0018900000000000002
1.3336268663406372 0.0018950000000000002
1.333387017250061 0.0019000000000000002
1.3331472873687744 0.0019050000000000002
1.3329076766967773 0.0019100000000000002
1.3326681852340698 0.0019150000000000003
1.3324288129806519 0.0019200000000000003
1.3321894407272339 0.001925
1.3319501876831055 0.00193
1.3317110538482666 0.001935
1.3314720392227173 0.00194
1.3312331438064575 0.0019450000000000001
1.3309942483901978 0.0019500000000000001
1.3307554721832275 0.001955
1.3305168151855469 0.0019600000000000004
1.3302782773971558 0.001965
1.3300398588180542 0.00197
1.3298014402389526 0.001975
1.3295631408691406 0.00198
1.3293249607086182 0.0019850000000000002
1.3290868997573853 0.00199
1.328848958015442 0.0019950000000000002
1.3286110162734985 0.002
1.3283731937408447 0.0020050000000000003
1.3281354904174805 0.00201
1.3278979063034058 0.0020150000000000003
1.327660322189331 0.00202
1.327422857284546 0.0020250000000000003
1.3271855115890503 0.00203
1.3269482851028442 0.0020350000000000004
1.3267111778259277 0.00204
1.3264740705490112 0.0020450000000000004
1.3262370824813843 0.00205
1.3260002136230469 0.002055
1.325763463973999 0.00206
1.3255268335342407 0.002065
1.3252902030944824 0.0020700000000000002
1.3250536918640137 0.002075
1.3248172998428345 0.0020800000000000003
1.3245810270309448 0.002085
1.3243448734283447 0.0020900000000000003
1.3241087198257446 0.002095
1.323872685432434 0.0021000000000000003
1.323636770248413 0.002105
1.3234009742736816 0.0021100000000000003
1.3231651782989502 0.002115
1.3229295015335083 0.0021200000000000004
1.322693943977356 0.002125
1.3224585056304932 0.0021300000000000004
1.32222318649292 0.002135
1.3219878673553467 0.00214
1.321752667427063 0.002145
1.3215175867080688 0.00215
1.3212826251983643 0.0021550000000000002
1.3210476636886597 0.00216
1.3208128213882446 0.0021650000000000003
1.3205780982971191 0.00217
1.3203434944152832 0.0021750000000000003
1.3201090097427368 0.00218
1.3198745250701904 0.0021850000000000003
1.3196401596069336 0.00219
1.3194059133529663 0.0021950000000000003
1.3191717863082886 0.0022
1.3189376592636108 0.0022050000000000004
1.3187036514282227 0.00221
1.318469762802124 0.0022150000000000004
1.318235993385315 0.00222
1.3180022239685059 0.002225
1.3177685737609863 0.00223
1.3175350427627563 0.002235
1.317301630973816 0.0022400000000000002
1.317068338394165 0.002245
1.3168350458145142 0.0022500000000000003
1.3166018724441528 0.002255
1.316368818283081 0.0022600000000000003
1.3161358833312988 0.002265
1.3159029483795166 0.0022700000000000003
1.315670132637024 0.002275
1.3154374361038208 0.0022800000000000003
1.3152048587799072 0.002285
1.3149722814559937 0.0022900000000000004
1.3147398233413696 0.002295
1.3145074844360352 0.0023000000000000004
1.3142752647399902 0.002305
1.3140430450439453 0.00231
1.31381094455719 0.0023150000000000002
1.3135789632797241 0.00232
1.3133471012115479 0.0023250000000000002
1.3131152391433716 0.00233
1.3128834962844849 0.0023350000000000003
1.3126518726348877 0.00234
1.31242036819458 0.0023450000000000003
1.3121888637542725 0.00235
1.3119574785232544 0.0023550000000000003
1.3117262125015259 0.00236
1.311495065689087 0.0023650000000000003
1.311263918876648 0.00237
1.3110328912734985 0.0023750000000000004
1.3108019828796387 0.00238
1.3105711936950684 0.0023850000000000004
1.310340404510498 0.00239
1.3101097345352173 0.002395
1.309879183769226 0.0024000000000000002
1.3096487522125244 0.002405
1.3094183206558228 0.0024100000000000002
1.3091880083084106 0.002415
1.308957815170288 0.0024200000000000003
1.308727741241455 0.002425
1.308497667312622 0.0024300000000000003
1.3082677125930786 0.002435
1.3080378770828247 0.0024400000000000003
1.3078081607818604 0.002445
1.307578444480896 0.0024500000000000004
1.3073488473892212 0.002455
1.307119369506836 0.0024600000000000004
1.3068900108337402 0.002465
1.3066606521606445 0.0024700000000000004
1.3064314126968384 0.002475
1.3062022924423218 0.00248
1.3059732913970947 0.0024850000000000002
1.3057442903518677 0.00249
1.3055154085159302 0.0024950000000000003
1.3052866458892822 0.0025
1.3050580024719238 0.0025050000000000003
1.3048293590545654 0.00251
1.3046008348464966 0.0025150000000000003
1.3043724298477173 0.00252
1.304144024848938 0.0025250000000000003
1.3039157390594482 0.00253
1.303687572479248 0.0025350000000000004
1.3034595251083374 0.00254
1.3032314777374268 0.0025450000000000004
1.3030035495758057 0.00255
1.3027757406234741 0.0025550000000000004
1.3025480508804321 0.00256
1.3023203611373901 0.002565
1.3020927906036377 0.0025700000000000002
1.3018653392791748 0.002575
1.301637887954712 0.0025800000000000003
1.3014105558395386 0.002585
1.3011833429336548 0.0025900000000000003
1.3009562492370605 0.002595
1.3007291555404663 0.0026000000000000003
1.3005021810531616 0.002605
1.3002753257751465 0.0026100000000000003
1.300048589706421 0.002615
1.2998218536376953 0.0026200000000000004
1.2995952367782593 0.002625
1.2993687391281128 0.0026300000000000004
1.2991422414779663 0.002635
1.2989158630371094 0.0026400000000000004
1.298689603805542 0.002645
1.2984634637832642 0.00265
1.2982373237609863 0.0026550000000000002
1.298011302947998 0.00266
1.2977854013442993 0.0026650000000000003
1.2975594997406006 0.00267
1.2973337173461914 0.0026750000000000003
1.2971080541610718 0.00268
1.2968825101852417 0.0026850000000000003
1.2966569662094116 0.00269
1.296431541442871 0.0026950000000000003
1.2962062358856201 0.0027
1.2959809303283691 0.0027050000000000004
1.2957557439804077 0.00271
1.2955306768417358 0.0027150000000000004
1.2953057289123535 0.00272
1.2950807809829712 0.0027250000000000004
1.2948559522628784 0.0027300000000000002
1.2946312427520752 0.002735
1.294406533241272 0.0027400000000000002
1.2941819429397583 0.002745
1.2939574718475342 0.0027500000000000003
1.2937331199645996 0.002755
1.293508768081665 0.0027600000000000003
1.29328453540802 0.002765
1.2930604219436646 0.0027700000000000003
1.292836308479309 0.002775
1.2926123142242432 0.0027800000000000004
1.2923884391784668 0.002785
1.2921645641326904 0.0027900000000000004
1.2919408082962036 0.002795
1.2917171716690063 0.0028000000000000004
1.2914936542510986 0.002805
1.291270136833191 0.0028100000000000004
1.2910467386245728 0.0028150000000000002
1.2908234596252441 0.00282
1.2906001806259155 0.0028250000000000003
1.2903770208358765 0.00283
1.290153980255127 0.0028350000000000003
1.289931058883667 0.00284
1.289708137512207 0.0028450000000000003
1.2894853353500366 0.00285
1.2892626523971558 0.0028550000000000003
1.289039969444275 0.00286
1.2888174057006836 0.0028650000000000004
1.2885949611663818 0.00287
1.28837251663208 0.0028750000000000004
1.2881501913070679 0.00288
1.2879279851913452 0.0028850000000000004
1.2877057790756226 0.00289
1.2874836921691895 0.0028950000000000004
1.287261724472046 0.0029000000000000002
1.287039875984192 0.002905
1.286818027496338 0.0029100000000000003
1.2865962982177734 0.002915
1.2863746881484985 0.0029200000000000003
1.2861530780792236 0.002925
1.2859315872192383 0.0029300000000000003
1.2857102155685425 0.002935
1.2854888439178467 0.0029400000000000003
1.2852675914764404 0.002945
1.2850464582443237 0.0029500000000000004
1.284825325012207 0.002955
1.2846043109893799 0.0029600000000000004
1.2843834161758423 0.002965
1.2841626405715942 0.0029700000000000004
1.2839418649673462 0.002975
1.2837212085723877 0.0029800000000000004
1.2835006713867188 0.0029850000000000002
1.2832801342010498 0.00299
1.2830597162246704 0.0029950000000000003
1.2828394174575806 0.003
1.2826191186904907 0.0030050000000000003
1.2823989391326904 0.00301
1.2821788787841797 0.0030150000000000003
1.281958818435669 0.00302
1.2817388772964478 0.0030250000000000003
1.2815190553665161 0.00303
1.2812992334365845 0.0030350000000000004
1.2810795307159424 0.00304
1.2808599472045898 0.0030450000000000004
1.2806403636932373 0.00305
1.2804208993911743 0.0030550000000000004
1.2802015542984009 0.0030600000000000002
1.2799822092056274 0.0030650000000000004
1.2797629833221436 0.0030700000000000002
1.2795438766479492 0.003075
1.2793248891830444 0.0030800000000000003
1.2791059017181396 0.003085
1.2788870334625244 0.0030900000000000003
1.2786682844161987 0.003095
1.278449535369873 0.0031000000000000003
1.278230905532837 0.003105
1.2780123949050903 0.0031100000000000004
1.2777938842773438 0.003115
1.2775754928588867 0.0031200000000000004
1.2773572206497192 0.003125
1.2771389484405518 0.0031300000000000004
1.2769207954406738 0.003135
1.2767027616500854 0.0031400000000000004
1.276484727859497 0.0031450000000000002
1.2762668132781982 0.0031500000000000005
1.276049017906189 0.0031550000000000003
1.2758312225341797 0.00316
1.27561354637146 0.0031650000000000003
1.2753959894180298 0.00317
1.2751784324645996 0.0031750000000000003
1.274960994720459 0.00318
1.274743676185608 0.0031850000000000003
1.2745263576507568 0.00319
1.2743091583251953 0.0031950000000000004
1.2740920782089233 0.0032
1.2738749980926514 0.0032050000000000004
1.273658037185669 0.00321
1.273441195487976 0.0032150000000000004
1.2732243537902832 0.00322
1.2730076313018799 0.0032250000000000004
1.2727910280227661 0.0032300000000000002
1.2725744247436523 0.0032350000000000005
1.2723579406738281 0.0032400000000000003
1.272141456604004 0.003245
1.2719250917434692 0.0032500000000000003
1.2717088460922241 0.003255
1.271492600440979 0.0032600000000000003
1.2712764739990234 0.003265
1.2710604667663574 0.0032700000000000003
1.2708444595336914 0.003275
1.270628571510315 0.0032800000000000004
1.270412802696228 0.003285
1.2701970338821411 0.0032900000000000004
1.2699813842773438 0.003295
1.269765853881836 0.0033000000000000004
1.2695503234863281 0.003305
1.2693349123001099 0.0033100000000000004
1.2691196203231812 0.0033150000000000002
1.2689043283462524 0.0033200000000000005
1.2686891555786133 0.0033250000000000003
1.2684741020202637 0.00333
1.268259048461914 0.0033350000000000003
1.268044114112854 0.00334
1.2678292989730835 0.0033450000000000003
1.267614483833313 0.00335
1.267399787902832 0.0033550000000000003
1.2671852111816406 0.00336
1.2669706344604492 0.0033650000000000004
1.2667561769485474 0.00337
1.266541838645935 0.0033750000000000004
1.2663275003433228 0.00338
1.26611328125 0.0033850000000000004
1.2658991813659668 0.0033900000000000002
1.2656850814819336 0.0033950000000000004
1.26547110080719 0.0034000000000000002
1.2652571201324463 0.0034050000000000005
1.2650432586669922 0.0034100000000000003
1.2648295164108276 0.003415
1.264615774154663 0.0034200000000000003
1.264402151107788 0.003425
1.2641886472702026 0.0034300000000000003
1.2639751434326172 0.003435
1.2637617588043213 0.0034400000000000003
1.263548493385315 0.003445
1.2633352279663086 0.0034500000000000004
1.2631220817565918 0.003455
1.2629090547561646 0.0034600000000000004
1.2626960277557373 0.003465
1.2624831199645996 0.0034700000000000004
1.262270212173462 0.0034750000000000002
1.2620574235916138 0.0034800000000000005
1.2618447542190552 0.0034850000000000003
1.2616320848464966 0.0034900000000000005
1.2614195346832275 0.0034950000000000003
1.261207103729248 0.0035
1.2609946727752686 0.0035050000000000003
1.2607823610305786 0.00351
1.2605701684951782 0.0035150000000000003
1.2603579759597778 0.00352
1.260145902633667 0.0035250000000000004
1.2599339485168457 0.00353
1.2597219944000244 0.0035350000000000004
1.2595101594924927 0.00354
1.259298324584961 0.0035450000000000004
1.2590866088867188 0.00355
1.2588750123977661 0.0035550000000000004
1.2586634159088135 0.0035600000000000002
1.2584519386291504 0.0035650000000000005
1.2582405805587769 0.0035700000000000003
1.2580292224884033 0.0035750000000000005
1.2578179836273193 0.0035800000000000003
1.2576067447662354 0.003585
1.257395625114441 0.0035900000000000003
1.257184624671936 0.003595
1.2569736242294312 0.0036000000000000003
1.2567627429962158 0.003605
1.25655198097229 0.0036100000000000004
1.2563412189483643 0.003615
1.256130576133728 0.0036200000000000004
1.2559200525283813 0.003625
1.2557095289230347 0.0036300000000000004
1.2554991245269775 0.003635
1.2552887201309204 0.0036400000000000004
1.2550784349441528 0.0036450000000000002
1.2548682689666748 0.0036500000000000005
1.2546581029891968 0.0036550000000000003
1.2544480562210083 0.0036600000000000005
1.2542381286621094 0.0036650000000000003
1.2540282011032104 0.00367
1.253818392753601 0.0036750000000000003
1.2536085844039917 0.00368
1.2533988952636719 0.0036850000000000003
1.2531893253326416 0.00369
1.2529797554016113 0.0036950000000000004
1.2527703046798706 0.0037
1.2525609731674194 0.0037050000000000004
1.2523516416549683 0.00371
1.2521424293518066 0.0037150000000000004
1.251933217048645 0.00372
1.251724123954773 0.0037250000000000004
1.2515151500701904 0.0037300000000000002
1.251306176185608 0.0037350000000000005
1.251097321510315 0.0037400000000000003
1.250888466835022 0.0037450000000000005
1.2506797313690186 0.0037500000000000003
1.2504711151123047 0.003755
1.2502624988555908 0.0037600000000000003
1.2500540018081665 0.003765
1.2498456239700317 0.0037700000000000003
1.249637246131897 0.003775
1.2494289875030518 0.0037800000000000004
1.2492207288742065 0.003785
1.2490125894546509 0.0037900000000000004
1.2488045692443848 0.003795
1.2485965490341187 0.0038000000000000004
1.248388648033142 0.0038050000000000002
1.2481807470321655 0.0038100000000000005
1.2479729652404785 0.0038150000000000002
1.247765302658081 0.0038200000000000005
1.2475576400756836 0.0038250000000000003
1.2473500967025757 0.0038300000000000005
1.2471426725387573 0.0038350000000000003
1.246935248374939 0.0038400000000000005
1.2467279434204102 0.0038450000000000003
1.2465206384658813 0.00385
1.246313452720642 0.0038550000000000004
1.2461063861846924 0.00386
1.2458993196487427 0.0038650000000000004
1.2456923723220825 0.00387
1.2454854249954224 0.0038750000000000004
1.2452785968780518 0.00388
1.2450718879699707 0.0038850000000000004
1.2448651790618896 0.0038900000000000002
1.2446585893630981 0.0038950000000000005
1.2444519996643066 0.0039000000000000003
1.2442455291748047 0.0039050000000000005
1.2440391778945923 0.00391
1.2438328266143799 0.003915
1.243626594543457 0.003920000000000001
1.2434203624725342 0.0039250000000000005
1.2432142496109009 0.00393
1.2430082559585571 0.003935
1.2428022623062134 0.00394
1.2425963878631592 0.003945000000000001
1.2423906326293945 0.00395
1.2421848773956299 0.003955
1.2419792413711548 0.00396
1.2417736053466797 0.003965000000000001
1.2415680885314941 0.0039700000000000004
1.2413626909255981 0.003975
1.2411572933197021 0.00398
1.2409520149230957 0.003985000000000001
1.2407467365264893 0.0039900000000000005
1.2405415773391724 0.003995
1.240336537361145 0.004
1.2401314973831177 0.004005000000000001
1.2399265766143799 0.0040100000000000005
1.239721655845642 0.004015
1.2395168542861938 0.00402
1.2393120527267456 0.004025
1.239107370376587 0.004030000000000001
1.2389028072357178 0.004035
1.2386982440948486 0.00404
1.238493800163269 0.004045
1.2382893562316895 0.004050000000000001
1.2380850315093994 0.0040550000000000004
1.237880825996399 0.00406
1.2376766204833984 0.004065
1.2374725341796875 0.004070000000000001
1.2372684478759766 0.0040750000000000005
1.2370644807815552 0.00408
1.2368606328964233 0.004085
1.2366567850112915 0.004090000000000001
1.2364530563354492 0.0040950000000000005
1.236249327659607 0.0041
1.2360457181930542 0.004105
1.235842227935791 0.00411
1.2356387376785278 0.004115000000000001
1.2354353666305542 0.00412
1.2352319955825806 0.004125
1.2350287437438965 0.00413
1.234825611114502 0.004135000000000001
1.2346224784851074 0.0041400000000000005
1.2344194650650024 0.004145
1.2342164516448975 0.00415
1.234013557434082 0.004155000000000001
1.2338107824325562 0.0041600000000000005
1.2336080074310303 0.004165
1.233405351638794 0.00417
1.2332026958465576 0.004175000000000001
1.2330001592636108 0.0041800000000000006
1.232797622680664 0.004185
1.2325952053070068 0.00419
1.2323929071426392 0.004195
1.2321906089782715 0.004200000000000001
1.2319884300231934 0.004205
1.2317862510681152 0.00421
1.2315841913223267 0.004215
1.2313822507858276 0.004220000000000001
1.2311803102493286 0.0042250000000000005
1.2309784889221191 0.00423
1.2307766675949097 0.004235
1.2305749654769897 0.004240000000000001
1.2303732633590698 0.0042450000000000005
1.2301716804504395 0.00425
1.2299702167510986 0.004255
1.2297687530517578 0.004260000000000001
1.2295674085617065 0.0042650000000000006
1.2293660640716553 0.00427
1.2291648387908936 0.004275
1.2289636135101318 0.00428
1.2287625074386597 0.004285000000000001
1.228561520576477 0.00429
1.2283605337142944 0.004295
1.2281596660614014 0.0043
1.2279587984085083 0.004305000000000001
1.2277580499649048 0.0043100000000000005
1.2275574207305908 0.004315
1.2273567914962769 0.00432
1.2271562814712524 0.004325000000000001
1.226955771446228 0.0043300000000000005
1.2267553806304932 0.004335
1.2265549898147583 0.00434
1.226354718208313 0.004345000000000001
1.2261545658111572 0.004350000000000001
1.2259544134140015 0.004355
1.2257543802261353 0.00436
1.225554347038269 0.004365
1.2253544330596924 0.004370000000000001
1.2251545190811157 0.004375
1.2249547243118286 0.00438
1.224755048751831 0.004385
1.2245553731918335 0.004390000000000001
1.2243558168411255 0.0043950000000000005
1.2241562604904175 0.0044
1.223956823348999 0.004405
1.2237573862075806 0.004410000000000001
1.2235580682754517 0.0044150000000000005
1.2233588695526123 0.00442
1.223159670829773 0.004425
1.2229605913162231 0.004430000000000001
1.2227615118026733 0.004435000000000001
1.222562551498413 0.00444
1.2223635911941528 0.004445
1.2221647500991821 0.00445
1.221966028213501 0.004455000000000001
1.2217673063278198 0.00446
1.2215687036514282 0.004465
1.2213701009750366 0.00447
1.2211716175079346 0.004475000000000001
1.2209731340408325 0.0044800000000000005
1.22077476978302 0.004485
1.2205764055252075 0.00449
1.2203781604766846 0.004495000000000001
1.2201800346374512 0.0045000000000000005
1.2199819087982178 0.004505
1.219783902168274 0.00451
1.21958589553833 0.004515000000000001
1.2193880081176758 0.004520000000000001
