2.0 0.0 0.0 5e-06
2.0 0.0 0.0 1e-05
2.0 0.0 0.0 1.5000000000000002e-05
2.0 0.0 0.0 2e-05
2.0 0.0 0.0 2.5e-05
2.0 0.0 0.0 3.0000000000000004e-05
2.0 0.0 0.0 3.5000000000000004e-05
2.0 0.0 0.0 4e-05
2.0 0.0 0.0 4.5e-05
2.0 0.0 0.0 5e-05
2.0 0.0 0.0 5.5e-05
2.0 0.0 0.0 5e-06
2.0 0.0 0.0 1e-05
2.0 0.0 0.0 1.5000000000000002e-05
2.0 0.0 0.0 5e-06
2.0 0.0 0.0 1e-05
2.0 0.0 0.0 1.5000000000000002e-05
2.0 0.0 0.0 5e-06
2.0 0.0 0.0 1e-05
2.0 0.0 0.0 1.5000000000000002e-05
2.0 0.0 0.0 5e-06
2.0 0.0 0.0 1e-05
2.0 0.0 0.0 1.5000000000000002e-05
2.0 0.0 0.0 2e-05
2.0 0.0 0.0 2.5e-05
2.0 0.0 0.0 3.0000000000000004e-05
2.0 0.0 0.0 3.5000000000000004e-05
2.0 0.0 0.0 4e-05
2.0 0.0 0.0 4.5e-05
2.0 0.0 0.0 5e-05
2.0 0.0 0.0 5e-06
2.0 0.0 0.0 1e-05
2.0 0.0 0.0 1.5000000000000002e-05
2.0 0.0 0.0 2e-05
2.0 0.0 0.0 5e-06
2.0 0.0 0.0 1e-05
2.0 0.0 0.0 1.5000000000000002e-05
2.0 0.0 0.0 5e-06
2.0 0.0 0.0 5e-06
2.0 0.0 0.0 1e-05
2.0 0.0 0.0 5e-06
2.0 0.0 0.0 1e-05
2.0 0.0 0.0 1.5000000000000002e-05
2.0 0.0 0.0 2e-05
2.0 0.0 0.0 2.5e-05
2.0 0.0 0.0 3.0000000000000004e-05
2.0 0.0 0.0 3.5000000000000004e-05
2.0 0.0 0.0 4e-05
2.0 0.0 0.0 5e-06
2.0 0.0 0.0 1e-05
2.0 0.0 0.0 1.5000000000000002e-05
2.0 0.0 0.0 2e-05
2.0 0.0 0.0 2.5e-05
2.0 0.0 0.0 5e-06
2.0 0.0 0.0 1e-05
2.0 0.0 0.0 1.5000000000000002e-05
2.0 0.0 0.0 2e-05
2.0 0.0 0.0 2.5e-05
2.0 0.0 0.0 3.0000000000000004e-05
2.0 0.0 0.0 3.5000000000000004e-05
2.0 0.0 0.0 4e-05
2.0 0.0 0.0 4.5e-05
2.0 0.0 0.0 5e-06
2.0 0.0 0.0 1e-05
2.0 0.0 0.0 1.5000000000000002e-05
2.0 0.0 0.0 2e-05
2.0 0.0 0.0 2.5e-05
2.0 0.0 0.0 5e-06
2.0 0.0 0.0 1e-05
2.0 0.0 0.0 1.5000000000000002e-05
2.0 0.0 0.0 5e-06
2.0 0.0 0.0 1e-05
2.0 0.0 0.0 1.5000000000000002e-05
2.0 0.0 0.0 2e-05
2.0 0.0 0.0 5e-06
2.0 0.0 0.0 1e-05
2.0 0.0 0.0 1.5000000000000002e-05
2.0 0.0 0.0 5e-06
2.0 0.0 0.0 1e-05
2.0 0.0 0.0 1.5000000000000002e-05
2.0 0.0 0.0 2e-05
2.0 0.0 0.0 2.5e-05
2.0 0.0 0.0 5e-06
2.0 0.0 0.0 1e-05
2.0 0.0 0.0 1.5000000000000002e-05
2.0 0.0 0.0 2e-05
2.0 0.0 0.0 5e-06
2.0 0.0 0.0 5e-06
2.0 0.0 0.0 1e-05
2.0 0.0 0.0 1.5000000000000002e-05
2.0 0.0 0.0 2e-05
2.0 0.0 0.0 5e-06
2.0 0.0 0.0 1e-05
2.0 0.0 0.0 1.5000000000000002e-05
2.0 0.0 0.0 2e-05
2.0 0.0 0.0 5e-06
2.0 0.0 0.0 1e-05
2.0 0.0 0.0 1.5000000000000002e-05
2.0 0.0 0.0 2e-05
2.0 0.0 0.0 2.5e-05
2.0 0.0 0.0 5e-06
2.0 0.0 0.0 1e-05
2.0 0.0 0.0 1.5000000000000002e-05
2.0 0.0 0.0 2e-05
0.0 0.0 0.0 5e-06
0.0 0.0 0.0 1e-05
0.0 0.0 0.0 1.5000000000000002e-05
0.0 0.0 0.0 2e-05
0.0 0.0 0.0 2.5e-05
0.0 0.0 0.0 3.0000000000000004e-05
0.0 0.0 0.0 3.5000000000000004e-05
0.0 0.0 0.0 4e-05
0.0 0.0 0.0 4.5e-05
2.0 0.0 0.0 5e-06
2.0 0.0 0.0 1e-05
2.0 0.0 0.0 1.5000000000000002e-05
2.0 0.0 0.0 2e-05
2.0 0.0 0.0 2.5e-05
2.0 0.0 0.0 3.0000000000000004e-05
2.0 0.0 0.0 3.5000000000000004e-05
