1.432152256513873 5e-06
1.3812372575919727 0.001005
1.334551766858991 0.0020050000000000003
1.2913067561435283 0.0030050000000000003
1.2510151954982018 0.004005000000000001
1.2133157993476387 0.005005000000000001
1.1779231673362653 0.006005000000000001
1.1446034457130772 0.007005000000000001
1.113160296656785 0.008005
1.0834259669208217 0.009005
1.0552552090076681 0.010005
1.0285209381104625 0.011005000000000001
1.003111012538836 0.012005000000000002
0.9789257766556912 0.013005000000000001
0.9558761412046032 0.014005000000000002
0.9338820541782513 0.015005000000000001
0.9128712628400872 0.016005000000000002
0.8927782975354542 0.017005000000000003
0.8735436275983174 0.018005
0.8551129529437583 0.019005
0.837436604145942 0.020005000000000002
0.8204690303252229 0.021005000000000003
0.8041683588912221 0.022005
0.7884960146617344 0.023005
0.7734163884758878 0.024005000000000002
0.7588965473925059 0.025005000000000003
0.74490598007594 0.026005000000000004
0.7314163721531611 0.027005
0.7184014072461253 0.028005000000000002
0.7058365901223255 0.029005000000000003
0.6936990889905768 0.030005000000000004
0.6819675944463379 0.031005
0.6706221929552956 0.032005000000000006
0.6596442530828193 0.033005
0.6490163229359872 0.034005
0.6387220375038739 0.035005
0.628746034762098 0.036005
0.6190738795599251 0.037005
0.6096919944381385 0.038005000000000004
0.6005875966328477 0.039005000000000005
0.5917486406153111 0.040005000000000006
0.5831637655963865 0.04100500000000001
0.5748222474929725 0.042005
0.5667139549124595 0.043005
0.5588293087630902 0.044005
0.551159245140234 0.045005
0.5436951811809585 0.046005000000000004
0.5364289836085266 0.047005000000000005
0.5293529397217558 0.048005000000000006
0.5224597306075864 0.04900500000000001
0.5157424063793743 0.050005
0.5091943632632305 0.051005
0.5028093223725244 0.052005
0.49658131002610206 0.053005000000000004
0.4905046394803467 0.054005000000000004
0.48457389395804956 0.055005000000000005
0.47878391086658595 0.056005000000000006
0.4731297671100244 0.05700500000000001
0.4676067654066636 0.05800500000000001
0.4622104215330179 0.059005
0.4569364524215372 0.060005
0.45178076504603537 0.061005000000000004
0.44673944603495924 0.062005000000000005
0.441808751956657 0.063005
0.4369851002276172 0.064005
0.43226506059636066 0.06500500000000001
0.42764534716190755 0.06600500000000001
0.4231228108875537 0.06700500000000001
0.4186944325745078 0.06800500000000001
0.41435731626302014 0.06900500000000001
0.4101086830308588 0.07000500000000001
0.4059458651615054 0.07100500000000001
0.40186630065669465 0.072005
0.39786752806997816 0.073005
0.3939471816391609 0.074005
0.39010298669834775 0.075005
0.38633275535067363 0.076005
0.3826343823842441 0.077005
0.3790058414167991 0.078005
0.37544518125252846 0.079005
0.37195052243924714 0.080005
0.36852005401221893 0.08100500000000001
0.3651520304130301 0.08200500000000001
0.3618447685732461 0.08300500000000001
0.3585966451519172 0.08400500000000001
0.3554060939182683 0.08500500000000001
0.3522716032700816 0.08600500000000001
0.34919171388032594 0.08700500000000001
0.3461650164638702 0.08800500000000001
0.34319014965743205 0.089005
0.3402657980061799 0.090005
0.3373906900506952 0.091005
0.3345635965083861 0.092005
0.3317833285443823 0.093005
0.3290487361264448 0.094005
0.32635870645926873 0.095005
0.32371216249380724 0.09600500000000001
0.32110806150753884 0.09700500000000001
0.31854539375163105 0.09800500000000001
0.3160231811613171 0.09900500000000001
0.3135404761263414 0.10000500000000001
0.3110963603180701 0.10100500000000001
0.30868994357004453 0.10200500000000001
0.30632036280959823 0.10300500000000001
0.3039867810376246 0.10400500000000001
0.30168838635373924 0.10500500000000001
0.29942439102505075 0.106005
0.29719403059582256 0.107005
0.29499656303618893 0.108005
0.29283126792774 0.109005
0.2906974456844573 0.110005
0.28859441680683834 0.111005
0.28652152116789587 0.11200500000000001
0.2844781173293397 0.11300500000000001
0.282463581886287 0.11400500000000001
0.2804773088395457 0.11500500000000001
0.27851870899360115 0.11600500000000001
0.27658720937964765 0.11700500000000001
0.2746822527019639 0.11800500000000001
0.272803296806811 0.11900500000000001
0.2709498141727783 0.12000500000000001
0.26912129142154084 0.12100500000000002
0.2673172288479692 0.12200500000000002
0.26553713996895784 0.123005
0.26378055108987014 0.124005
0.26204700088790855 0.125005
0.26033604001163374 0.126005
0.25864723069598244 0.127005
0.2569801463919184 0.128005
0.2553343714101975 0.129005
0.2537095005786595 0.130005
0.2521051389123102 0.131005
0.2505209012957864 0.132005
0.24895641217756906 0.133005
0.2474113052754651 0.134005
0.2458852232929351 0.13500500000000001
0.24437781764568195 0.13600500000000001
0.24288874819823833 0.13700500000000002
0.24141768300994426 0.13800500000000002
0.2399642980900959 0.13900500000000002
0.2385282771617465 0.14000500000000002
0.23710931143391628 0.14100500000000002
0.23570709938176312 0.14200500000000002
0.23432134653443645 0.14300500000000002
0.23295176527047506 0.14400500000000002
0.23159807461993778 0.14500500000000002
0.23026000007371497 0.14600500000000002
0.22893727339908743 0.14700500000000002
0.22762963246166318 0.14800500000000003
0.22633682105336672 0.149005
0.22505858872609252 0.150005
0.22379469063104585 0.151005
0.2225448873633511 0.152005
0.22130894481182353 0.153005
0.2200866340136402 0.154005
0.2188777310138384 0.155005
0.21768201672937074 0.156005
0.21649927681744344 0.157005
0.21532930154826013 0.158005
0.2141718856817353 0.159005
0.21302682834819153 0.160005
0.2118939329327228 0.161005
0.21077300696341264 0.162005
0.20966386200280995 0.163005
0.20856631354300917 0.164005
0.2074801809037973 0.165005
0.20640528713413064 0.166005
0.20534145891646624 0.16700500000000001
0.20428852647412662 0.16800500000000002
0.20324632348148453 0.16900500000000002
0.20221468697674858 0.17000500000000002
0.20119345727752438 0.17100500000000002
0.2001824778988323 0.17200500000000002
0.19918159547355369 0.17300500000000002
0.1981906596752734 0.17400500000000002
0.1972095231433469 0.17500500000000002
0.19623804141026055 0.17600500000000002
0.1952760728310612 0.17700500000000002
0.1943234785147668 0.17800500000000002
0.19338012225794107 0.17900500000000003
0.19244587047994846 0.18000500000000003
0.19152059216034947 0.18100500000000003
0.19060415877780326 0.18200500000000003
0.18969644425087911 0.18300500000000003
0.18879732488050147 0.184005
0.1879066792939855 0.185005
0.18702438839064608 0.186005
0.18615033528901762 0.187005
0.18528440527536988 0.188005
0.18442648575380208 0.189005
0.18357646619757245 0.190005
0.18273423810196318 0.191005
0.18189969493811448 0.192005
0.18107273210849778 0.193005
0.18025324690321023 0.194005
0.17944113845777648 0.195005
0.17863630771180408 0.196005
0.17783865736897234 0.197005
0.17704809185792109 0.19800500000000001
0.17626451729420353 0.19900500000000002
0.1754878414433263 0.20000500000000002
0.17471797368467207 0.20100500000000002
0.17395482497637335 0.20200500000000002
0.17319830782112675 0.20300500000000002
0.17244833623289882 0.20400500000000002
0.1717048257044095 0.20500500000000002
0.1709676931755722 0.20600500000000002
0.17023685700263558 0.20700500000000002
0.16951223692815814 0.20800500000000002
0.1687937540517359 0.20900500000000002
0.16808133080149207 0.21000500000000002
0.16737489090620464 0.21100500000000003
0.16667435936821173 0.21200500000000003
0.16597966243698703 0.21300500000000003
0.1652907275832869 0.21400500000000003
0.16460748347406085 0.21500500000000003
0.1639298599478436 0.21600500000000003
0.16325778799092328 0.21700500000000003
0.1625911997138429 0.218005
0.1619300283287833 0.219005
0.16127420812714868 0.220005
0.16062367445804124 0.221005
0.15997836370698354 0.222005
0.1593382132752586 0.223005
0.15870316155974556 0.224005
0.1580731479332423 0.225005
0.15744811272519238 0.226005
0.15682799720293025 0.227005
0.15621274355331863 0.228005
0.15560229486486044 0.22900500000000001
0.15499659511018515 0.23000500000000001
0.15439558912899456 0.23100500000000002
0.15379922261129705 0.23200500000000002
0.15320744208117132 0.23300500000000002
0.15262019488076992 0.23400500000000002
0.15203742915479163 0.23500500000000002
0.15145909383524248 0.23600500000000002
0.15088513862654937 0.23700500000000002
0.1503155139910495 0.23800500000000002
0.1497501711347359 0.23900500000000002
0.1491890619934137 0.24000500000000002
0.1486321392190573 0.24100500000000002
0.1480793561666162 0.24200500000000003
0.14753066688092314 0.24300500000000003
0.14698602608409392 0.24400500000000003
0.1464453891630042 0.24500500000000003
0.14590871215723883 0.24600500000000003
0.145375951747142 0.24700500000000003
0.14484706524220037 0.24800500000000003
0.14432201056971738 0.24900500000000003
0.14380074626362413 0.25000500000000003
0.14328323145362987 0.25100500000000003
0.14276942585454772 0.25200500000000003
0.14225928975587926 0.25300500000000004
0.1417527840116071 0.25400500000000004
0.14124987003019887 0.25500500000000004
0.140750509764857 0.25600500000000004
0.14025466570389503 0.25700500000000004
0.13976230086142785 0.25800500000000004
0.13927337876816595 0.25900500000000004
0.1387878634624299 0.26000500000000004
0.13830571948136586 0.26100500000000004
0.1378269118523123 0.26200500000000004
0.1373514060843981 0.26300500000000004
0.13687916816025866 0.26400500000000005
0.136410164527937 0.26500500000000005
0.13594436209294827 0.26600500000000005
0.13548172821057228 0.26700500000000005
0.13502223067816507 0.26800500000000005
0.13456583772774303 0.26900500000000005
0.13411251801869556 0.270005
0.13366224063057378 0.271005
0.13321497505614274 0.272005
0.13277069119445606 0.273005
0.13232935934412413 0.274005
0.13189095019673433 0.275005
0.13145543483036598 0.276005
0.13102278470322973 0.277005
0.13059297164745434 0.278005
0.13016596786300905 0.279005
0.12974174591167284 0.280005
0.1293202787112284 0.281005
0.12890153952966352 0.282005
0.1284855019795468 0.283005
0.12807214001251202 0.284005
0.1276614279138074 0.285005
0.127253340296999 0.286005
0.12684785209871638 0.287005
0.12644493857356048 0.288005
0.12604457528908752 0.289005
0.12564673812085614 0.290005
0.12525140324758252 0.291005
0.12485854714643914 0.292005
0.12446814658835041 0.293005
0.12408017863345255 0.294005
0.12369462062660688 0.295005
0.12331145019296692 0.296005
0.1229306452337233 0.297005
0.12255218392177589 0.298005
0.1221760446976625 0.299005
0.12180220626540733 0.300005
0.12143064758852805 0.301005
0.12106134788609851 0.302005
0.12069428662889499 0.303005
0.12032944353557752 0.304005
0.11996679856896722 0.305005
0.1196063319324008 0.306005
0.11924802406610491 0.30700500000000003
0.11889185564368474 0.30800500000000003
0.11853780756866238 0.30900500000000003
0.11818586097105052 0.31000500000000003
0.11783599720400452 0.31100500000000003
0.11748819784056355 0.31200500000000003
0.11714244467039518 0.31300500000000003
0.11679871969661894 0.31400500000000003
0.11645700513270639 0.31500500000000003
0.11611728339941463 0.31600500000000004
0.11577953712177566 0.31700500000000004
0.11544374912612183 0.31800500000000004
0.11510990243720481 0.31900500000000004
0.11477798027532385 0.32000500000000004
0.11444796605354442 0.32100500000000004
0.11411984337488974 0.32200500000000004
0.11379359602967612 0.32300500000000004
0.11346920799284657 0.32400500000000004
0.11314666342129588 0.32500500000000004
0.11282594665137352 0.32600500000000004
0.11250704219629735 0.32700500000000005
0.1121899347436903 0.32800500000000005
0.11187460915310159 0.32900500000000005
0.11156105045366102 0.33000500000000005
0.11124924384163937 0.33100500000000005
0.11093917467818921 0.33200500000000005
0.11063082848700467 0.33300500000000005
0.11032419095210827 0.33400500000000005
0.1100192479156129 0.33500500000000005
0.10971598537557554 0.33600500000000005
0.10941438948382358 0.33700500000000005
0.10911444654387781 0.33800500000000006
0.10881614300885097 0.339005
0.10851946547945794 0.340005
0.10822440070196924 0.341005
0.10793093556626933 0.342005
0.1076390571038752 0.343005
0.10734875248609768 0.344005
0.10706000902209793 0.345005
0.10677281415707335 0.346005
0.10648715547044152 0.347005
0.10620302067404166 0.348005
0.10592039761036974 0.349005
0.10563927425088171 0.350005
0.10535963869424562 0.351005
0.10508147916467346 0.352005
0.104804784010305 0.353005
0.1045295417015423 0.354005
0.10425574082945406 0.355005
0.10398337010425109 0.356005
0.10371241835366439 0.357005
0.10344287452145415 0.358005
0.10317472766593265 0.359005
0.1029079669584391 0.360005
0.10264258168191714 0.361005
0.10237856122946493 0.362005
0.10211589510292458 0.363005
0.10185457291150285 0.364005
0.10159458437039534 0.365005
0.10133591929944838 0.366005
0.10107856762179908 0.367005
0.1008225193626165 0.368005
0.10056776464779119 0.369005
0.10031429370264282 0.37000500000000003
0.10006209685072326 0.37100500000000003
0.09981116451255123 0.37200500000000003
0.09956148720440602 0.37300500000000003
0.0993130555371328 0.37400500000000003
0.0990658602149807 0.37500500000000003
0.09881989203444244 0.37600500000000003
0.09857514188307696 0.37700500000000003
0.09833160073845523 0.37800500000000004
0.09808925966697996 0.37900500000000004
0.09784810982284192 0.38000500000000004
0.09760814244693672 0.38100500000000004
0.09736934886578275 0.38200500000000004
0.09713172049051702 0.38300500000000004
0.0968952488158114 0.38400500000000004
0.09665992541892285 0.38500500000000004
0.0964257419586422 0.38600500000000004
0.09619269017434974 0.38700500000000004
0.09596076188499653 0.38800500000000004
0.09572994898820589 0.38900500000000005
0.09550024345929631 0.39000500000000005
0.09527163735034425 0.39100500000000005
0.09504412278929003 0.39200500000000005
0.09481769197904172 0.39300500000000005
0.09459233719654281 0.39400500000000005
0.09436805079196289 0.39500500000000005
0.09414482518776154 0.39600500000000005
0.09392265287788056 0.39700500000000005
0.0937015264268926 0.39800500000000005
0.09348143846917042 0.39900500000000005
0.09326238170806259 0.40000500000000005
0.09304434891511887 0.40100500000000006
0.0928273329292569 0.40200500000000006
0.09261132665598537 0.40300500000000006
0.09239632306665851 0.40400500000000006
0.09218231519769722 0.40500500000000006
0.09196929614984278 0.40600500000000006
0.091757259087395 0.407005
0.09154619723751253 0.408005
0.091336103889474 0.409005
0.091126972393981 0.410005
0.0909187961624263 0.411005
0.09071156866626061 0.412005
0.09050528343624309 0.413005
0.09029993406182397 0.414005
0.09009551419043721 0.415005
0.08989201752688875 0.416005
0.08968943783267799 0.417005
0.08948776892536647 0.418005
0.08928700467796102 0.419005
0.08908713901829753 0.420005
0.08888816592841424 0.421005
0.0886900794439436 0.422005
0.08849287365353735 0.423005
0.08829654269826472 0.424005
0.08810108077105207 0.425005
0.08790648211607456 0.426005
0.08771274102822126 0.427005
0.08751985185253855 0.428005
0.08732780898366715 0.429005
0.08713660686528624 0.430005
0.08694623998962701 0.431005
0.086756702896893 0.43200500000000003
0.08656799017476195 0.43300500000000003
0.08638009645788457 0.43400500000000003
0.08619301642733163 0.43500500000000003
0.08600674481013705 0.43600500000000003
0.08582127637880065 0.43700500000000003
0.08563660595076106 0.43800500000000003
0.08545272838794656 0.43900500000000003
0.08526963859629992 0.44000500000000003
0.08508733152529122 0.44100500000000004
0.08490580216746897 0.44200500000000004
0.08472504555797498 0.44300500000000004
0.08454505677413018 0.44400500000000004
0.08436583093498462 0.44500500000000004
0.08418736320081968 0.44600500000000004
0.08400964877279114 0.44700500000000004
0.083832682892455 0.44800500000000004
0.08365646084133341 0.44900500000000004
0.08348097794054601 0.45000500000000004
0.08330622955033853 0.45100500000000004
0.08313221106972056 0.45200500000000005
0.08295891793600517 0.45300500000000005
0.08278634562448467 0.45400500000000005
0.08261448964798875 0.45500500000000005
0.08244334555648866 0.45600500000000005
0.08227290893675983 0.45700500000000005
0.08210317541195017 0.45800500000000005
0.08193414064124134 0.45900500000000005
0.08176580031946144 0.46000500000000005
0.08159815017672073 0.46100500000000005
0.081431185978082 0.46200500000000005
0.08126490352313667 0.46300500000000006
0.0810992986457368 0.46400500000000006
0.08093436721356699 0.46500500000000006
0.08077010512787167 0.46600500000000006
0.08060650832305989 0.46700500000000006
0.08044357276640204 0.46800500000000006
0.0802812944576862 0.46900500000000006
0.08011966942890111 0.47000500000000006
0.07995869374389585 0.47100500000000006
0.07979836349809459 0.47200500000000006
0.07963867481812414 0.47300500000000006
0.07947962386156102 0.47400500000000007
0.07932120681659172 0.47500500000000007
0.07916341990170678 0.476005
0.07900625936542949 0.477005
0.07884972148597631 0.478005
0.07869380257098865 0.479005
0.0785384989572588 0.480005
0.07838380701038879 0.481005
0.07822972312457806 0.482005
0.07807624372228132 0.483005
0.07792336525397153 0.484005
0.07777108419784233 0.485005
0.07761939705955714 0.486005
0.07746830037197282 0.487005
0.07731779069486246 0.488005
0.07716786461469158 0.489005
0.07701851874431748 0.490005
0.07686974972275872 0.491005
0.07672155421493837 0.492005
0.07657392891143944 0.493005
0.07642687052824514 0.494005
0.0762803758065058 0.49500500000000003
0.07613444151230948 0.49600500000000003
0.07598906443641741 0.49700500000000003
0.07584424139404662 0.49800500000000003
0.07569996922463032 0.49900500000000003
0.0755562447916061 0.500005
0.07541306498215307 0.501005
0.07527042670699967 0.502005
0.07512832690020052 0.503005
0.07498676251889051 0.504005
0.07484573054309654 0.505005
0.07470522797550211 0.506005
0.07456525184124245 0.507005
0.07442579918769368 0.508005
0.07428686708429254 0.509005
0.07414845262226842 0.510005
0.07401055291451467 0.511005
0.07387316509531656 0.512005
0.07373628632021807 0.513005
0.07359991376578356 0.514005
0.07346404462940469 0.515005
0.07332867612913292 0.516005
0.073193805503486 0.517005
0.07305943001122643 0.518005
0.07292554693121016 0.519005
0.07279215356220578 0.520005
0.07265924722268612 0.521005
0.07252682525066693 0.522005
0.07239488500352362 0.523005
0.07226342385781988 0.524005
0.07213243920913236 0.525005
0.07200192847187548 0.5260050000000001
0.07187188907912638 0.5270050000000001
0.07174231848247824 0.5280050000000001
0.0716132141518493 0.5290050000000001
0.0714845735753354 0.5300050000000001
0.071356394259031 0.5310050000000001
0.07122867372689026 0.5320050000000001
0.07110140952053966 0.5330050000000001
0.07097459919914978 0.5340050000000001
0.0708482403392598 0.5350050000000001
0.07072233053461612 0.5360050000000001
0.07059686739606802 0.5370050000000001
0.07047184855133604 0.5380050000000001
0.07034727164493719 0.5390050000000001
0.07022313433799827 0.5400050000000001
0.07009943430811406 0.5410050000000001
0.06997616924921486 0.5420050000000001
0.06985333687141512 0.5430050000000001
0.06973093490086694 0.5440050000000001
0.06960896107961732 0.5450050000000001
0.06948741316550658 0.5460050000000001
0.06936628893197253 0.5470050000000001
0.069245586167947 0.5480050000000001
0.06912530267773012 0.5490050000000001
0.06900543628084463 0.5500050000000001
0.06888598481189087 0.5510050000000001
0.06876694612044458 0.5520050000000001
0.06864831807090288 0.5530050000000001
0.06853009854237786 0.5540050000000001
0.06841228542855006 0.5550050000000001
0.0682948766375625 0.5560050000000001
0.06817787009187397 0.5570050000000001
0.06806126372816439 0.5580050000000001
0.06794505549719897 0.5590050000000001
0.06782924336369017 0.5600050000000001
0.06771382530622594 0.5610050000000001
0.06759879931709888 0.5620050000000001
0.06748416340222474 0.5630050000000001
0.06736991558102046 0.5640050000000001
0.067256053886291 0.5650050000000001
0.06714257636408287 0.5660050000000001
0.0670294810736443 0.5670050000000001
0.06691676608724452 0.5680050000000001
0.06680442949009704 0.5690050000000001
0.06669246938025958 0.5700050000000001
0.06658088386848865 0.5710050000000001
0.0664696710781844 0.5720050000000001
0.0663588291452356 0.5730050000000001
0.066248356217963 0.5740050000000001
0.06613825045697456 0.5750050000000001
0.06602851003508936 0.5760050000000001
0.06591913313722417 0.5770050000000001
0.06581011796030024 0.5780050000000001
0.06570146271314603 0.579005
0.06559316561638673 0.580005
0.06548522490236681 0.581005
0.0653776388150224 0.582005
0.0652704056098363 0.583005
0.0651635235536841 0.584005
0.06505699092478867 0.585005
0.06495080601260295 0.586005
0.06484496711772668 0.587005
0.06473947255181779 0.588005
0.06463432063748845 0.589005
0.06452950970823829 0.590005
0.06442503810834713 0.591005
0.06432090419280088 0.592005
0.06421710632719736 0.593005
0.06411364288765986 0.594005
0.0640105122607634 0.595005
0.0639077128434432 0.596005
0.06380524304290665 0.597005
0.06370310127655855 0.598005
0.0636012859719185 0.599005
0.06349979556653759 0.600005
0.06339862850793018 0.601005
0.06329778325346147 0.602005
0.06319725827031844 0.603005
0.06309705203539101 0.604005
0.06299716303522179 0.605005
0.06289758976590516 0.606005
0.06279833073303259 0.607005
0.06269938445161126 0.608005
0.06260074944598973 0.609005
0.06250242424977978 0.610005
0.06240440740579566 0.611005
0.06230669746596082 0.612005
0.06220929299127261 0.613005
0.06211219255168716 0.614005
0.06201539472608729 0.615005
0.06191889810219172 0.616005
0.06182270127648964 0.617005
0.06172680285418493 0.618005
0.06163120144911235 0.619005
0.06153589568367182 0.620005
0.06144088418878713 0.621005
0.06134616560379654 0.622005
0.061251738576440895 0.623005
0.061157601762748585 0.624005
0.06106375382700606 0.625005
0.06097019344167455 0.626005
0.060876919287348744 0.627005
0.06078393005267232 0.628005
0.06069122443428856 0.629005
0.060598801136775314 0.630005
0.06050665887259422 0.631005
0.06041479636201883 0.632005
0.060323212333072355 0.633005
0.06023190552148795 0.634005
0.060140874670640145 0.635005
0.06005011853147242 0.636005
0.0599596358624692 0.637005
0.05986942542957453 0.638005
0.05977948600614826 0.639005
0.05968981637290908 0.640005
0.05960041531787392 0.641005
0.059511281636316214 0.642005
0.05942241413069411 0.643005
0.05933381161060518 0.644005
0.05924547289274376 0.645005
0.059157396800830556 0.646005
0.05906958216556815 0.647005
0.05898202782459924 0.648005
0.05889473262243051 0.649005
0.05880769541040957 0.650005
0.058720915046654436 0.6510050000000001
0.05863439039601322 0.6520050000000001
0.0585481203300181 0.6530050000000001
0.058462103726823214 0.6540050000000001
0.05837633947116211 0.6550050000000001
0.058290826454313105 0.6560050000000001
0.05820556357402845 0.6570050000000001
0.05812054973450285 0.6580050000000001
0.05803578384631476 0.6590050000000001
0.05795126482640157 0.6600050000000001
0.05786699159798405 0.6610050000000001
0.057782963090542094 0.6620050000000001
0.05769917823975834 0.6630050000000001
0.0576156359874902 0.6640050000000001
0.05753233528169262 0.6650050000000001
0.057449275076413335 0.6660050000000001
0.05736645433171762 0.6670050000000001
0.05728387201365889 0.6680050000000001
0.05720152709423918 0.6690050000000001
0.057119418551354 0.6700050000000001
0.05703754536876665 0.6710050000000001
0.05695590653604434 0.6720050000000001
0.05687450104854608 0.6730050000000001
0.05679332790734627 0.6740050000000001
0.05671238611922919 0.6750050000000001
0.056631674696614474 0.6760050000000001
0.05655119265754839 0.6770050000000001
0.05647093902564013 0.6780050000000001
0.05639091283003961 0.6790050000000001
0.05631111310538945 0.6800050000000001
0.05623153889177956 0.6810050000000001
0.05615218923472468 0.6820050000000001
0.05607306318511182 0.6830050000000001
0.05599415979917733 0.6840050000000001
0.055915478138449055 0.6850050000000001
0.05583701726973289 0.6860050000000001
0.05575877626505483 0.6870050000000001
0.0556807542016357 0.6880050000000001
0.05560295016185747 0.6890050000000001
0.055525363233212346 0.6900050000000001
0.055447992508288954 0.6910050000000001
0.05537083708471506 0.6920050000000001
0.0552938960651369 0.6930050000000001
0.05521716855718292 0.6940050000000001
0.05514065367342249 0.6950050000000001
0.05506435053132938 0.6960050000000001
0.054988258253272075 0.6970050000000001
0.05491237596644686 0.6980050000000001
0.05483670280286556 0.6990050000000001
0.054761237899312525 0.7000050000000001
0.05468598039732212 0.7010050000000001
0.05461092944313538 0.7020050000000001
0.054536084187676345 0.7030050000000001
0.05446144378651194 0.7040050000000001
0.054387007399825146 0.7050050000000001
0.05431277419238886 0.7060050000000001
0.05423874333351596 0.7070050000000001
0.05416491399705675 0.7080050000000001
0.05409128536133938 0.7090050000000001
0.05401785660916044 0.7100050000000001
0.053944626927742316 0.7110050000000001
0.05387159550870798 0.7120050000000001
0.05379876154805444 0.7130050000000001
0.05372612424611634 0.7140050000000001
0.05365368280753892 0.7150050000000001
0.05358143644125762 0.7160050000000001
0.05350938436044813 0.717005
0.053437525782528986 0.718005
0.053365859929101624 0.719005
0.05329438602594589 0.720005
0.05322310330296996 0.721005
0.05315201099421147 0.722005
0.05308110833778404 0.723005
0.05301039457586252 0.724005
0.05293986895465139 0.725005
0.05286953072437074 0.726005
0.052799379139205946 0.727005
0.052729413457297175 0.728005
0.05265963294071181 0.729005
0.05259003685542633 0.730005
0.05252062447127714 0.731005
0.05245139506195779 0.732005
0.05238234790498424 0.733005
0.05231348228166728 0.734005
0.052244797477099966 0.735005
0.05217629278010791 0.736005
0.05210796748326095 0.737005
0.05203982088281593 0.738005
0.051971852278708236 0.739005
0.051904060974523436 0.740005
0.05183644627747932 0.741005
0.05176900749839224 0.742005
0.051701743951665984 0.743005
0.05163465495525406 0.744005
0.05156773983065651 0.745005
0.051500997902870146 0.746005
0.051434428500392794 0.747005
0.05136803095518352 0.748005
0.0513018046026512 0.749005
0.05123574878161359 0.750005
0.051169862834304455 0.751005
0.051104146106326014 0.752005
0.051038597946643366 0.753005
0.05097321770754634 0.754005
0.05090800474464893 0.755005
0.05084295841685746 0.756005
0.05077807808634572 0.757005
0.05071336311853432 0.758005
0.05064881288208171 0.759005
0.05058442674885443 0.760005
0.050520204093905105 0.761005
0.05045614429546066 0.762005
0.05039224673488855 0.763005
0.05032851079669282 0.764005
0.050264935868482005 0.765005
0.05020152134095892 0.766005
0.050138266607893237 0.767005
0.05007517106610622 0.768005
0.05001223411544955 0.769005
0.049949455158793434 0.770005
0.04988683360199514 0.771005
0.04982436885388454 0.772005
0.049762060326258226 0.773005
0.0496999074338447 0.774005
0.04963790959429082 0.775005
0.04957606622815146 0.7760050000000001
0.04951437675885519 0.7770050000000001
0.04945284061270846 0.7780050000000001
0.04939145721885091 0.7790050000000001
0.04933022600926318 0.7800050000000001
0.04926914641873583 0.7810050000000001
0.04920821788485051 0.7820050000000001
0.049147439847978674 0.7830050000000001
0.04908681175123976 0.7840050000000001
0.04902633304049417 0.7850050000000001
0.048966003164351284 0.7860050000000001
0.04890582157410726 0.7870050000000001
0.04884578772376502 0.7880050000000001
0.048785901069995856 0.7890050000000001
0.04872616107213703 0.7900050000000001
0.048666567192176234 0.7910050000000001
0.048607118894715536 0.7920050000000001
0.04854781564697775 0.7930050000000001
0.04848865691878354 0.7940050000000001
0.04842964218252829 0.7950050000000001
0.04837077091317608 0.7960050000000001
0.04831204258823735 0.7970050000000001
0.048253456687762014 0.7980050000000001
0.0481950126943189 0.7990050000000001
0.048136710092969555 0.8000050000000001
0.04807854837126882 0.8010050000000001
0.048020527019254175 0.8020050000000001
0.04796264552940542 0.8030050000000001
0.04790490339665985 0.8040050000000001
0.04784730011837515 0.8050050000000001
0.047789835194321256 0.8060050000000001
0.0477325081266808 0.8070050000000001
0.047675318420007565 0.8080050000000001
0.04761826558123124 0.8090050000000001
0.047561349119641404 0.8100050000000001
0.04750456854686657 0.8110050000000001
0.04744792337686833 0.8120050000000001
0.04739141312591924 0.8130050000000001
0.04733503731259434 0.8140050000000001
0.047278795457753826 0.8150050000000001
0.047222687084537314 0.8160050000000001
0.0471667117183431 0.8170050000000001
0.04711086888681749 0.8180050000000001
0.0470551581198297 0.8190050000000001
0.046999578949489855 0.8200050000000001
0.04694413091009609 0.8210050000000001
0.04688881353815709 0.8220050000000001
0.04683362637235499 0.8230050000000001
0.04677856895352826 0.8240050000000001
0.04672364082470246 0.8250050000000001
0.04666884153102265 0.8260050000000001
0.046614170619766054 0.8270050000000001
0.04655962764033898 0.8280050000000001
0.0465052121442473 0.8290050000000001
0.04645092368509275 0.8300050000000001
0.04639676181855564 0.8310050000000001
0.04634272610239234 0.8320050000000001
0.046288816096401085 0.8330050000000001
0.04623503136244953 0.8340050000000001
0.046181371464416913 0.8350050000000001
0.046127835968220385 0.8360050000000001
0.04607442444177445 0.8370050000000001
0.0460211364550009 0.8380050000000001
0.0459679715798041 0.8390050000000001
0.045914929390068145 0.8400050000000001
0.04586200946163512 0.8410050000000001
0.045809211372305564 0.8420050000000001
0.04575653470181938 0.8430050000000001
0.04570397903184562 0.8440050000000001
0.04565154394597307 0.8450050000000001
0.04559922902970492 0.8460050000000001
0.045547033870432144 0.8470050000000001
0.045494958057440395 0.8480050000000001
0.045443001181884685 0.8490050000000001
0.04539116283679089 0.8500050000000001
0.04533944261703301 0.8510050000000001
0.045287840119339236 0.8520050000000001
0.045236354942258736 0.8530050000000001
0.04518498668617422 0.8540050000000001
0.04513373495327461 0.855005
0.04508259934755489 0.856005
0.04503157947480428 0.857005
0.04498067494258417 0.858005
0.0449298853602377 0.859005
0.044879210338869636 0.860005
0.04482864949133286 0.861005
0.044778202432223045 0.862005
0.044727868777873936 0.863005
0.04467764814633249 0.864005
0.044627540157371866 0.865005
0.04457754443245325 0.866005
0.04452766059474382 0.867005
0.044477888269091076 0.868005
0.04442822708201805 0.869005
0.044378676661714175 0.870005
0.04432923663802131 0.871005
0.044279906642437326 0.872005
0.04423068630808997 0.873005
0.04418157526974198 0.874005
0.04413257316376943 0.875005
0.04408367962816693 0.876005
0.04403489430252712 0.877005
0.043986216828036294 0.878005
0.04393764684746537 0.879005
0.04388918400516089 0.880005
0.04384082794704143 0.881005
0.04379257832057114 0.882005
0.043744434774782404 0.883005
0.0436963969602337 0.884005
0.043648464529025474 0.885005
0.04360063713477508 0.886005
0.0435529144326226 0.887005
0.04350529607921497 0.888005
0.04345778173269453 0.889005
0.0434103710527032 0.890005
0.04336306370036043 0.891005
0.04331585933825535 0.892005
0.043268757630455894 0.893005
0.0432217582424901 0.894005
0.043174860841324825 0.895005
0.043128065095379815 0.896005
0.04308137067450663 0.897005
0.043034777249990955 0.898005
0.042988284494531195 0.899005
0.04294189208223921 0.900005
0.04289559968863917 0.9010050000000001
0.042849406990643706 0.9020050000000001
0.0428033136665628 0.9030050000000001
0.04275731939608614 0.9040050000000001
0.04271142386027484 0.9050050000000001
0.042665626741560374 0.9060050000000001
0.0426199277237399 0.9070050000000001
0.04257432649194809 0.9080050000000001
0.04252882273269081 0.9090050000000001
0.042483416133787415 0.9100050000000001
0.04243810638440237 0.9110050000000001
0.042392893175022185 0.9120050000000001
0.04234777619745046 0.9130050000000001
0.04230275514479476 0.9140050000000001
0.04225782971147995 0.9150050000000001
0.04221299959321584 0.9160050000000001
0.04216826448700653 0.9170050000000001
0.04212362409113757 0.9180050000000001
0.04207907810516878 0.9190050000000001
0.04203462622993688 0.9200050000000001
0.04199026816753093 0.9210050000000001
0.04194600362130538 0.9220050000000001
0.04190183229585676 0.9230050000000001
0.041857753897024876 0.9240050000000001
0.04181376813189425 0.9250050000000001
0.04176987470876637 0.9260050000000001
0.04172607333717445 0.9270050000000001
0.04168236372787594 0.9280050000000001
0.04163874559281477 0.9290050000000001
0.041595218645163225 0.9300050000000001
0.04155178259928488 0.9310050000000001
0.04150843717072099 0.9320050000000001
0.04146518207622257 0.9330050000000001
0.04142201703369605 0.9340050000000001
0.0413789417622412 0.9350050000000001
0.04133595598211231 0.9360050000000001
0.04129305941472582 0.9370050000000001
0.041250251782659925 0.9380050000000001
0.04120753280963536 0.9390050000000001
0.041164902220519294 0.9400050000000001
0.04112235974130992 0.9410050000000001
0.0410799050991499 0.9420050000000001
0.04103753802229401 0.9430050000000001
0.04099525824012044 0.9440050000000001
0.04095306548312965 0.9450050000000001
0.040910959482915774 0.9460050000000001
0.04086893997218363 0.9470050000000001
0.04082700668474337 0.9480050000000001
0.04078515935548007 0.9490050000000001
0.04074339772037066 0.9500050000000001
0.04070172151647877 0.9510050000000001
0.04066013048192882 0.9520050000000001
0.04061862435593603 0.9530050000000001
0.04057720287875131 0.9540050000000001
0.04053586579170816 0.9550050000000001
0.040494612837180165 0.9560050000000001
0.0404534437585887 0.9570050000000001
0.04041235830040473 0.9580050000000001
0.04037135620812998 0.9590050000000001
0.040330437228296746 0.9600050000000001
0.0402896011084704 0.9610050000000001
0.04024884759723256 0.9620050000000001
0.040208176444177554 0.9630050000000001
0.04016758739991673 0.9640050000000001
0.040127080216070275 0.9650050000000001
0.040086654645250214 0.9660050000000001
0.04004631044106687 0.9670050000000001
0.040006047358126996 0.9680050000000001
0.03996586515201632 0.9690050000000001
0.039925763579304795 0.9700050000000001
0.03988574239753421 0.9710050000000001
0.03984580136522838 0.9720050000000001
0.03980594024186436 0.9730050000000001
0.03976615878788314 0.9740050000000001
0.03972645676468932 0.9750050000000001
0.03968683393463699 0.9760050000000001
0.039647290061022335 0.9770050000000001
0.03960782490808424 0.9780050000000001
0.03956843824100405 0.9790050000000001
0.039529129825891164 0.9800050000000001
0.03948989942979203 0.9810050000000001
0.03945074682066612 0.9820050000000001
0.03941167176739811 0.9830050000000001
0.03937267403978285 0.9840050000000001
0.03933375340853118 0.9850050000000001
0.03929490964525458 0.9860050000000001
0.039256142522473836 0.9870050000000001
0.03921745181359036 0.9880050000000001
0.039178837292915734 0.9890050000000001
0.03914029873564019 0.9900050000000001
0.039101835917832714 0.9910050000000001
0.03906344861646073 0.992005
0.03902513660933989 0.993005
0.03898689967517773 0.994005
0.0389487375935382 0.995005
0.038910650144850456 0.996005
0.03887263711039825 0.997005
0.03883469827232532 0.998005
0.03879683341361929 0.999005
