0.2476922825176414 5e-06
0.4748938729141265 0.000505
0.48220318141122515 0.001005
0.48545689567190253 0.001505
0.4874000691479877 0.0020050000000000003
0.4887274681209736 0.0025050000000000003
0.48970792150727327 0.0030050000000000003
0.4904702540748805 0.0035050000000000003
0.49108494175834727 0.004005000000000001
0.4915942076026756 0.004505
0.49202508143932366 0.005005000000000001
0.4923957581304793 0.005505
0.4927189734621656 0.006005000000000001
0.49300392424689204 0.006505
0.4932574239566369 0.007005000000000001
0.49348463170355766 0.007505
0.49368953019833767 0.008005
0.49387524903724334 0.008505
0.49404428882453855 0.009005
0.4941986795791997 0.009505000000000001
0.4943400944176164 0.010005
0.49446993215924334 0.010505
0.49458937798960295 0.011005000000000001
0.4946994484391263 0.011505000000000001
0.49480102504297874 0.012005000000000002
0.49489487976813057 0.012505
0.4949816944121714 0.013005000000000001
0.495062075560238 0.013505000000000001
0.4951365662492343 0.014005000000000002
0.49520565517501536 0.014505
0.4952697840536208 0.015005000000000001
0.4953293535847075 0.015505000000000001
0.4953847283473123 0.016005000000000002
0.4954362408723103 0.016505000000000002
0.4954841950729407 0.017005000000000003
0.4955288691692293 0.017505
0.49557051820816345 0.018005
0.49560937625682266 0.018505
0.49564565832763796 0.019005
0.49567956208078223 0.019505
0.4957112693394776 0.020005000000000002
0.49574094744571423 0.020505000000000002
0.49576875047875674 0.021005000000000003
0.4957948203542703 0.021505000000000003
0.4958192878188267 0.022005
0.4958422733518763 0.022505
0.4958638879855349 0.023005
0.49588423405076465 0.023505
0.4959034058576339 0.024005000000000002
0.4959214903161117 0.024505000000000002
0.49593856750308357 0.025005000000000003
0.49595471118091095 0.025505000000000003
0.4959699892716722 0.026005000000000004
0.4959844642915997 0.026505
0.4959981937490933 0.027005
0.49601123050965595 0.027505
0.4960236231307071 0.028005000000000002
0.4960354161692042 0.028505000000000003
0.4960466504641609 0.029005000000000003
0.4960573633966655 0.029505000000000003
0.4960675891291259 0.030005000000000004
0.4960773588258098 0.030505
0.496086700856234 0.031005
0.49609564098291875 0.031505000000000005
0.4961042025350005 0.032005000000000006
0.49611240656884303 0.032505000000000006
0.4961202720168424 0.033005
0.49612781582541365 0.033505
0.49613505308325856 0.034005
0.49614199714044266 0.034505
0.4961486597193943 0.035005
0.49615505101831053 0.035505
0.49616117980772667 0.036005
0.49616705352065155 0.036505
0.4961726783370005 0.037005
0.4961780592625862 0.037505000000000004
0.4961832002032784 0.038005000000000004
0.49618810403458846 0.038505000000000005
0.4961927726670323 0.039005000000000005
0.4961972071076366 0.039505000000000005
0.49620140751792197 0.040005000000000006
0.49620537326846254 0.040505000000000006
0.4962091029903655 0.04100500000000001
0.4962125946239272 0.041505
0.49621584546451364 0.042005
0.49621885220603895 0.042505
0.496221610981958 0.043005
0.49622411740421024 0.043505
0.49622636659998187 0.044005
0.49622835324658376 0.044505
0.4962300716045026 0.045005
0.496231515548657 0.045505000000000004
0.4962326785982246 0.046005000000000004
0.49623355394466706 0.046505000000000005
0.49623413447854114 0.047005000000000005
0.4962344128148173 0.047505000000000006
0.49623438131692893 0.048005000000000006
0.49623403211956985 0.048505000000000006
0.49623335715036093 0.04900500000000001
0.49623234815038175 0.04950500000000001
0.4962309966936659 0.050005
0.4962292942056403 0.050505
0.49622723198070284 0.051005
0.4962248011987871 0.051505
0.49622199294116015 0.052005
0.4962187982053017 0.052505
0.496215207919087 0.053005000000000004
0.4962112129541507 0.053505000000000004
0.4962068041385953 0.054005000000000004
0.49620197226896817 0.054505000000000005
0.4961967081216069 0.055005000000000005
0.4961910024633944 0.055505000000000006
0.4961848460618875 0.056005000000000006
0.4961782296949205 0.05650500000000001
0.4961711441595813 0.05700500000000001
0.49616358028081753 0.05750500000000001
0.49615552891944087 0.05800500000000001
0.4961469809796589 0.058505
0.49613792741632085 0.059005
0.4961283592414704 0.059505
0.4961182675307705 0.060005
0.4961076434293484 0.060505
0.49609647815736163 0.061005000000000004
0.4960847630151487 0.061505000000000004
0.49607248938816406 0.062005000000000005
0.4960596487514486 0.062505
0.4960462326739095 0.063005
0.4960322328222042 0.063505
0.49601764096446926 0.064005
0.4960024489736358 0.064505
0.4959866488307343 0.06500500000000001
0.4959702326275778 0.06550500000000001
0.495953192569696 0.06600500000000001
0.49593552097854043 0.06650500000000001
0.49591721029396374 0.06700500000000001
0.49589825307614294 0.06750500000000001
0.49587864200753007 0.06800500000000001
0.49585836989444637 0.06850500000000001
0.49583742966872807 0.06900500000000001
0.49581581438895495 0.06950500000000001
0.49579351724178344 0.07000500000000001
0.49577053154291023 0.07050500000000001
0.49574685073803504 0.07100500000000001
0.49572246840365386 0.071505
0.49569737824767807 0.072005
0.4956715741099912 0.072505
0.49564504996296366 0.073005
0.4956177999115661 0.073505
0.4955898181938684 0.074005
0.4955610991808743 0.074505
0.49553163737675404 0.075005
0.49550142741868924 0.075505
0.49547046407672474 0.076005
0.49543874225363227 0.076505
0.4954062569844866 0.077005
0.49537300343641466 0.077505
0.49533897690807566 0.078005
0.4953041728292237 0.078505
0.4952685867601005 0.079005
0.4952322143908609 0.079505
0.4951950515409142 0.080005
0.4951570941581513 0.08050500000000001
0.49511833831823676 0.08100500000000001
0.4950787802237672 0.08150500000000001
0.49503841620344813 0.08200500000000001
0.49499724271120826 0.08250500000000001
0.4949552563251803 0.08300500000000001
0.4949124537468893 0.08350500000000001
0.4948688318001798 0.08400500000000001
0.4948243874301543 0.08450500000000001
0.49477911770221017 0.08500500000000001
0.49473301980088324 0.08550500000000001
0.49468609102882555 0.08600500000000001
0.4946383288055715 0.08650500000000001
0.4945897306665165 0.08700500000000001
0.49454029426166446 0.08750500000000001
0.494490017354444 0.08800500000000001
0.49443889782059486 0.088505
0.4943869336468731 0.089005
0.49433412292980056 0.089505
0.494280463874548 0.090005
0.49422595479354625 0.090505
0.4941705941053283 0.091005
0.49411438033315275 0.091505
0.49405731210391346 0.092005
0.4939993881466097 0.092505
0.49394060729124645 0.093005
0.49388096846744856 0.093505
0.49382047070323276 0.094005
0.4937591131236286 0.094505
0.49369689494940155 0.095005
0.49363381549579866 0.095505
0.4935698741711928 0.09600500000000001
0.49350507047576114 0.09650500000000001
0.4934394040002474 0.09700500000000001
0.49337287442463446 0.09750500000000001
0.4933054815167663 0.09800500000000001
0.4932372251311997 0.09850500000000001
0.4931681052077545 0.09900500000000001
0.49309812177037815 0.09950500000000001
0.4930272749256885 0.10000500000000001
0.4929555648618489 0.10050500000000001
0.49288299184719525 0.10100500000000001
0.4928095562290091 0.10150500000000001
0.4927352584322047 0.10200500000000001
0.49266009895815727 0.10250500000000001
0.4925840783833625 0.10300500000000001
0.4925071973582345 0.10350500000000001
0.49242945660586884 0.10400500000000001
0.4923508569207871 0.10450500000000001
0.4922713991677745 0.10500500000000001
0.49219108428056596 0.10550500000000002
0.49210991326077375 0.106005
0.49202788717656715 0.106505
0.49194500716156747 0.107005
0.49186127441363997 0.107505
0.4917766901937197 0.108005
0.49169125582466616 0.108505
0.4916049726901069 0.109005
0.49151784223330985 0.109505
0.49142986595605626 0.110005
0.4913410454174931 0.110505
0.4912513822330634 0.111005
0.49116087807337644 0.111505
0.4910695346631824 0.11200500000000001
0.49097735378018054 0.11250500000000001
0.4908843372540701 0.11300500000000001
0.49079048696543537 0.11350500000000001
0.4906958048447376 0.11400500000000001
0.4906002928712356 0.11450500000000001
0.49050395307200595 0.11500500000000001
0.490406787520899 0.11550500000000001
0.49030879833759217 0.11600500000000001
0.4902099876865319 0.11650500000000001
0.490110357776018 0.11700500000000001
0.4900099108571911 0.11750500000000001
0.489908649223129 0.11800500000000001
0.48980657520786225 0.11850500000000001
0.4897036911854224 0.11900500000000001
0.4895999995690056 0.11950500000000001
0.48949550280996773 0.12000500000000001
0.4893902033970131 0.12050500000000001
0.4892841038552146 0.12100500000000002
0.489177206745221 0.12150500000000002
0.48906951466234433 0.12200500000000002
0.488961030235721 0.12250500000000002
0.48885175612744586 0.123005
0.4887416950318089 0.123505
0.48863084967440096 0.124005
0.4885192228112892 0.124505
0.48840681722833273 0.125005
0.4882936357402854 0.125505
0.48817968119002314 0.126005
0.4880649564478752 0.126505
0.48794946441072756 0.127005
0.48783320800141367 0.127505
0.4877161901678635 0.128005
0.48759841388246866 0.128505
0.48747988214130505 0.129005
0.48736059796347825 0.129505
0.4872405643903695 0.130005
0.487119784485043 0.130505
0.48699826133143914 0.131005
0.48687599803389003 0.131505
0.48675299771627356 0.132005
0.48662926352152186 0.132505
0.4865047986108809 0.133005
0.486379606163386 0.133505
0.48625368937515184 0.134005
0.4861270514588226 0.134505
0.4859996956429495 0.13500500000000001
0.4858716251714485 0.13550500000000001
0.4857428433029226 0.13600500000000001
0.48561335331027494 0.13650500000000002
0.48548315847993434 0.13700500000000002
0.4853522621114465 0.13750500000000002
0.48522066751691284 0.13800500000000002
0.4850883780203962 0.13850500000000002
0.48495539695746237 0.13900500000000002
0.4848217276746567 0.13950500000000002
0.48468737352896013 0.14000500000000002
0.48455233788729823 0.14050500000000002
0.4844166241261456 0.14100500000000002
0.4842802356308667 0.14150500000000002
0.48414317579539706 0.14200500000000002
0.4840054480217026 0.14250500000000002
0.4838670557193485 0.14300500000000002
0.48372800230503715 0.14350500000000002
0.4835882912021759 0.14400500000000002
0.4834479258404289 0.14450500000000002
0.48330690965531165 0.14500500000000002
0.48316524608774364 0.14550500000000002
0.4830229385836648 0.14600500000000002
0.4828799905936124 0.14650500000000002
0.48273640557233116 0.14700500000000002
0.4825921869783706 0.14750500000000002
0.48244733827373665 0.14800500000000003
0.48230186292350374 0.14850500000000003
0.48215576439535085 0.149005
0.48200904615938606 0.149505
0.4818617116876197 0.150005
0.48171376445370573 0.150505
0.48156520793260704 0.151005
0.4814160456001649 0.151505
0.48126628093286566 0.152005
0.4811159174074967 0.152505
0.4809649585007939 0.153005
0.4808134076891694 0.153505
0.4806612684483815 0.154005
0.4805085442532586 0.154505
0.48035523857736157 0.155005
0.4802013548927541 0.155505
0.4800468966696836 0.156005
0.4798918673763237 0.156505
0.47973627047847717 0.157005
0.4795801094393401 0.157505
0.4794233877192392 0.158005
0.4792661087753325 0.158505
0.4791082760614469 0.159005
0.4789498930277424 0.159505
0.47879096312052954 0.160005
0.4786314897820238 0.160505
0.47847147645009047 0.161005
0.47831092655808755 0.161505
0.4781498435345521 0.162005
0.4779882308030699 0.162505
0.47782609178200175 0.163005
0.47766342988432525 0.163505
0.4775002485174107 0.164005
0.47733655108284934 0.164505
0.4771723409761963 0.165005
0.47700762158687354 0.165505
0.47684239629791453 0.166005
0.4766766684858238 0.16650500000000001
0.47651044152037336 0.16700500000000001
0.47634371876447895 0.16750500000000001
0.4761765035739776 0.16800500000000002
0.4760087992974894 0.16850500000000002
0.4758406092762596 0.16900500000000002
0.475671936844007 0.16950500000000002
0.47550278532677126 0.17000500000000002
0.47533315804273124 0.17050500000000002
0.47516305830214106 0.17100500000000002
0.4749924894070788 0.17150500000000002
0.47482145465140563 0.17200500000000002
0.474649957320594 0.17250500000000002
0.4744780006915733 0.17300500000000002
0.4743055880326657 0.17350500000000002
0.47413272260339284 0.17400500000000002
0.47395940765439476 0.17450500000000002
0.4737856464272905 0.17500500000000002
0.4736114421546286 0.17550500000000002
0.4734367980596807 0.17600500000000002
0.47326171735637934 0.17650500000000002
0.4730862032492218 0.17700500000000002
0.47291025893316707 0.17750500000000002
0.4727338875935115 0.17800500000000002
0.47255709240583166 0.17850500000000002
0.47237987653584806 0.17900500000000003
0.47220224313934933 0.17950500000000003
0.472024195362137 0.18000500000000003
0.47184573633990373 0.18050500000000003
0.47166686919812195 0.18100500000000003
0.4714875970520551 0.18150500000000003
0.47130792300659996 0.18200500000000003
0.471127850156253 0.18250500000000003
0.4709473815849714 0.18300500000000003
0.4707665203662299 0.183505
0.47058526956280233 0.184005
0.4704036322268438 0.184505
0.4702216113996928 0.185005
0.47003921011188093 0.185505
0.46985643138309446 0.186005
0.46967327822207616 0.186505
0.46948975362653894 0.187005
0.4693058605832153 0.187505
0.46912160206770515 0.188005
0.46893698104448656 0.188505
0.46875200046685106 0.189005
0.4685666632768598 0.189505
0.46838097240531446 0.190005
0.4681949307716342 0.190505
0.46800854128397934 0.191005
0.4678218068390617 0.191505
0.46763473032216907 0.192005
0.46744731460717254 0.192505
0.4672595625563655 0.193005
0.4670714770206248 0.193505
0.46688306083920145 0.194005
0.46669431683979806 0.194505
0.4665052478384869 0.195005
0.4663158566397348 0.195505
0.46612614603637864 0.196005
0.4659361188095373 0.196505
0.4657457777286543 0.197005
0.46555512555147816 0.19750500000000001
0.46536416502402317 0.19800500000000001
0.4651728988805608 0.19850500000000001
0.46498132984361207 0.19900500000000002
0.4647894606239273 0.19950500000000002
0.4645972939204715 0.20000500000000002
0.4644048324204393 0.20050500000000002
0.46421207879917176 0.20100500000000002
0.4640190357202954 0.20150500000000002
0.46382570583557353 0.20200500000000002
0.4636320917849195 0.20250500000000002
0.4634381961964886 0.20300500000000002
0.4632440216865964 0.20350500000000002
0.4630495708596651 0.20400500000000002
0.46285484630838514 0.20450500000000002
0.4626598506135868 0.20500500000000002
0.46246458634424775 0.20550500000000002
0.46226905605754615 0.20600500000000002
0.4620732622988575 0.20650500000000002
0.4618772076017117 0.20700500000000002
0.46168089448784255 0.20750500000000002
0.4614843254671698 0.20800500000000002
0.46128750303784233 0.20850500000000002
0.4610904296862029 0.20900500000000002
0.46089310788681354 0.20950500000000002
0.46069554010246544 0.21000500000000002
0.4604977287841954 0.21050500000000003
0.4602996763713211 0.21100500000000003
0.46010138529138733 0.21150500000000003
0.4599028579602254 0.21200500000000003
0.45970409678197327 0.21250500000000003
0.45950510414903806 0.21300500000000003
0.4593058824422149 0.21350500000000003
0.45910643403058166 0.21400500000000003
0.45890676127159724 0.21450500000000003
0.4587068665110712 0.21500500000000003
0.4585067520832392 0.21550500000000003
0.4583064203107017 0.21600500000000003
0.4581058735045407 0.21650500000000003
0.4579051139642387 0.21700500000000003
0.4577041439777749 0.21750500000000003
0.45750296582160327 0.218005
0.4573015817607291 0.218505
0.45709999404864654 0.219005
0.45689820492742417 0.219505
0.456696216627728 0.220005
0.4564940313688051 0.220505
0.45629165135854033 0.221005
0.45608907879350374 0.221505
0.4558863158589037 0.222005
0.45568336472868237 0.222505
0.4554802275654997 0.223005
0.45527690652080854 0.223505
0.4550734037347968 0.224005
0.4548697213365316 0.224505
0.45466586144386284 0.225005
0.4544618261635572 0.225505
0.4542576175912811 0.226005
0.4540532378116118 0.226505
0.4538486888980885 0.227005
0.45364397291326036 0.227505
0.45343909190868475 0.228005
0.4532340479249808 0.228505
0.45302884299187124 0.22900500000000001
0.45282347912813814 0.22950500000000001
0.45261795834177077 0.23000500000000001
0.45241228262989547 0.23050500000000002
0.45220645397889175 0.23100500000000002
0.4520004743643714 0.23150500000000002
0.4517943457511794 0.23200500000000002
0.4515880700935541 0.23250500000000002
0.45138164933500635 0.23300500000000002
0.4511750854084681 0.23350500000000002
0.4509683802362792 0.23400500000000002
0.45076153573019967 0.23450500000000002
0.4505545537915041 0.23500500000000002
0.4503474363109998 0.23550500000000002
0.4501401851689916 0.23600500000000002
0.4499328022354035 0.23650500000000002
0.4497252893698048 0.23700500000000002
0.4495176484213687 0.23750500000000002
0.4493098812290122 0.23800500000000002
0.44910198962135855 0.23850500000000002
0.44889397541680237 0.23900500000000002
0.4486858404235344 0.23950500000000002
0.4484775864395996 0.24000500000000002
0.4482692152529107 0.24050500000000002
0.4480607286412911 0.24100500000000002
0.44785212837251065 0.24150500000000003
0.44764341620434656 0.24200500000000003
0.4474345938845663 0.24250500000000003
0.4472256631510088 0.24300500000000003
0.4470166257316589 0.24350500000000003
0.44680748334456344 0.24400500000000003
0.446598237697977 0.24450500000000003
0.4463888904903815 0.24500500000000003
0.4461794434104701 0.24550500000000003
0.4459698981372597 0.24600500000000003
0.4457602563400717 0.24650500000000003
0.4455505196785943 0.24700500000000003
0.4453406898029393 0.24750500000000003
0.44513076835360155 0.24800500000000003
0.4449207569615951 0.24850500000000003
0.4447106572484542 0.24900500000000003
0.44450047082625693 0.24950500000000003
0.44429019929765534 0.25000500000000003
0.4440798442559614 0.25050500000000003
0.4438694072851278 0.25100500000000003
0.44365888995986064 0.25150500000000003
0.44344829384556395 0.25200500000000003
0.44323762049844895 0.25250500000000003
0.443026871465544 0.25300500000000004
0.4428160482847588 0.25350500000000004
0.4426051524848736 0.25400500000000004
0.4423941855856182 0.25450500000000004
0.44218314909773737 0.25500500000000004
0.44197204452290556 0.25550500000000004
0.44176087335396447 0.25600500000000004
0.4415496370747663 0.25650500000000004
0.4413383371603272 0.25700500000000004
0.4411269750768505 0.25750500000000004
0.4409155522817007 0.25800500000000004
0.4407040702235267 0.25850500000000004
0.44049253034227204 0.25900500000000004
0.4402809340691803 0.25950500000000004
0.44006928282688035 0.26000500000000004
0.4398575780294047 0.26050500000000004
0.4396458210822015 0.26100500000000004
0.439434013382217 0.26150500000000004
0.43922215631792216 0.26200500000000004
0.4390102512693404 0.26250500000000004
0.43879829960807676 0.26300500000000004
0.43858630269740034 0.26350500000000004
0.43837426189219997 0.26400500000000005
0.43816217853912015 0.26450500000000005
0.43795005397654574 0.26500500000000005
0.4377378895346455 0.26550500000000005
0.43752568653540264 0.26600500000000005
0.4373134462926602 0.26650500000000005
0.4371011701121748 0.26700500000000005
0.43688885929163346 0.26750500000000005
0.4366765151207129 0.26800500000000005
0.4364641388810763 0.26850500000000005
0.436251731846453 0.26900500000000005
0.43603929528266777 0.269505
0.43582683044768245 0.270005
0.4356143385915623 0.270505
0.4354018209566655 0.271005
0.43518927877749747 0.271505
0.4349767132809019 0.272005
0.4347641256860194 0.272505
0.4345515172043325 0.273005
0.4343388890397086 0.273505
0.4341262423884367 0.274005
0.43391357843929257 0.274505
0.4337008983735211 0.275005
0.4334882033649117 0.275505
0.43327549457981607 0.276005
0.43306277317721376 0.276505
0.4328500403086918 0.277005
0.4326372971185505 0.277505
0.43242454474380293 0.278005
0.4322117843141791 0.278505
0.43199901695224896 0.279005
0.4317862437733693 0.279505
0.43157346588575307 0.280005
0.431360684390518 0.280505
0.4311479003817345 0.281005
0.43093511494641007 0.281505
0.4307223291645541 0.282005
0.4305095441092378 0.282505
0.4302967608465506 0.283005
0.4300839804357631 0.283505
0.4298712039292285 0.284005
0.42965843237248175 0.284505
0.4294456668043286 0.285005
0.4292329082567303 0.285505
0.42902015775499025 0.286005
0.42880741631770125 0.286505
0.428594684956824 0.287005
0.42838196467768636 0.287505
0.4281692564790301 0.288005
0.4279565613530496 0.288505
0.42774388028545246 0.289005
0.4275312142554143 0.289505
0.42731856423568826 0.290005
0.4271059311926189 0.290505
0.4268933160861633 0.291005
0.42668071986993883 0.291505
0.4264681434912319 0.292005
0.4262555878910443 0.292505
0.4260430540041378 0.293005
0.4258305427590589 0.293505
0.42561805507816936 0.294005
0.42540559187767996 0.294505
0.42519315406768776 0.295005
0.4249807425521697 0.295505
0.42476835822908665 0.296005
0.42455600199034604 0.296505
0.4243436747219121 0.297005
0.4241313773037319 0.297505
0.42391911060985693 0.298005
0.4237068755084348 0.298505
0.4234946728617475 0.299005
0.423282503526252 0.299505
0.42307036835258816 0.300005
0.4228582681856336 0.300505
0.42264620386452795 0.301005
0.4224341762226902 0.301505
0.42222218608785284 0.302005
0.4220102342821455 0.302505
0.421798321622029 0.303005
0.4215864489183984 0.303505
0.42137461697656003 0.304005
0.4211628265963473 0.304505
0.4209510785720547 0.305005
0.4207393736925168 0.305505
0.42052771274115414 0.306005
0.42031609649592966 0.306505
0.420104525729464 0.30700500000000003
0.4198930012090167 0.30750500000000003
0.4196815236965126 0.30800500000000003
0.4194700939486131 0.30850500000000003
0.4192587127167007 0.30900500000000003
0.4190473807469068 0.30950500000000003
0.4188360987801688 0.31000500000000003
0.41862486755226747 0.31050500000000003
0.4184136877938135 0.31100500000000003
0.41820256023026686 0.31150500000000003
0.4179914855820747 0.31200500000000003
0.41778046456452306 0.31250500000000003
0.4175694978879363 0.31300500000000003
0.417358586257601 0.31350500000000003
0.4171477303738161 0.31400500000000003
0.4169369309319214 0.31450500000000003
0.41672618862235766 0.31500500000000003
0.41651550413064137 0.31550500000000004
0.41630487813743255 0.31600500000000004
0.4160943113185182 0.31650500000000004
0.4158838043449098 0.31700500000000004
0.41567335788278365 0.31750500000000004
0.4154629725935789 0.31800500000000004
0.4152526491339855 0.31850500000000004
0.4150423881559843 0.31900500000000004
0.4148321903068609 0.31950500000000004
0.4146220562292577 0.32000500000000004
0.41441198656117634 0.32050500000000004
0.4142019819360142 0.32100500000000004
0.4139920429825568 0.32150500000000004
0.41378217032507003 0.32200500000000004
0.4135723645832904 0.32250500000000004
0.41336262637242344 0.32300500000000004
0.413152956303201 0.32350500000000004
0.41294335498189433 0.32400500000000004
0.41273382301038164 0.32450500000000004
0.41252436098609513 0.32500500000000004
0.41231496950210145 0.32550500000000004
0.41210564914711445 0.32600500000000004
0.41189640050551823 0.32650500000000005
0.41168722415735864 0.32700500000000005
0.4114781206784627 0.32750500000000005
0.41126909064035605 0.32800500000000005
0.411060134610333 0.32850500000000005
0.4108512531514757 0.32900500000000005
0.41064244682268713 0.32950500000000005
0.4104337161787344 0.33000500000000005
0.41022506177018836 0.33050500000000005
0.41001648414356323 0.33100500000000005
0.4098079838412479 0.33150500000000005
0.4095995614015631 0.33200500000000005
0.4093912173588102 0.33250500000000005
0.4091829522432391 0.33300500000000005
0.40897476658111326 0.33350500000000005
0.40876666089473157 0.33400500000000005
0.4085586357024109 0.33450500000000005
0.40835069151855663 0.33500500000000005
0.40814282885367303 0.33550500000000005
0.4079350482143624 0.33600500000000005
0.40772735010337635 0.33650500000000005
0.40751973501961414 0.33700500000000005
0.40731220345814745 0.33750500000000005
0.4071047559103016 0.33800500000000006
0.40689739286352594 0.338505
0.40669011480164174 0.339005
0.40648292220462817 0.339505
0.40627581554883957 0.340005
0.4060687953068659 0.340505
0.4058618619476811 0.341005
0.405655015936604 0.341505
0.4054482577352791 0.342005
0.4052415878018322 0.342505
0.40503500659074665 0.343005
0.4048285145529363 0.343505
0.4046221121358255 0.344005
0.4044157997832412 0.344505
0.4042095779355795 0.345005
0.40400344702970586 0.345505
0.40379740749907733 0.346005
0.4035914597736294 0.346505
0.403385604279948 0.347005
0.4031798414412078 0.347505
0.40297417167716915 0.348005
0.40276859540425486 0.348505
0.40256311303555203 0.349005
0.40235772498080485 0.349505
0.4021524316464622 0.350005
0.4019472334356952 0.350505
0.4017421307483961 0.351005
0.4015371239812559 0.351505
0.40133221352765974 0.352005
0.4011273997778776 0.352505
0.40092268311890084 0.353005
0.4007180639346372 0.353505
0.40051354260577465 0.354005
0.40030911950989934 0.354505
0.40010479502146584 0.355005
0.3999005695118612 0.355505
0.3996964433493635 0.356005
0.39949241689922366 0.356505
0.3992884905236101 0.357005
0.39908466458169917 0.357505
0.398880939429668 0.358005
0.39867731542065604 0.358505
0.3984737929048903 0.359005
0.398270372229602 0.359505
0.39806705373911666 0.360005
0.3978638377748256 0.360505
0.397660724675222 0.361005
0.3974577147758948 0.361505
0.397254808409619 0.362005
0.3970520059062652 0.362505
0.3968493075928906 0.363005
0.3966467137937636 0.363505
0.3964442248303004 0.364005
0.39624184102116855 0.364505
0.3960395626822802 0.365005
0.39583739012675245 0.365505
0.39563532366502213 0.366005
0.3954333636047635 0.366505
0.3952315102509767 0.367005
0.3950297639059805 0.367505
0.39482812486940533 0.368005
0.3946265934382457 0.368505
0.3944251699068067 0.369005
0.3942238545668867 0.36950500000000003
0.3940226477075608 0.37000500000000003
0.39382154961538146 0.37050500000000003
0.39362056057429434 0.37100500000000003
0.3934196808657104 0.37150500000000003
0.3932189107684556 0.37200500000000003
0.39301825055887635 0.37250500000000003
0.39281770051080483 0.37300500000000003
0.3926172608955269 0.37350500000000003
0.39241693198186745 0.37400500000000003
0.3922167140362159 0.37450500000000003
0.392016607322448 0.37500500000000003
0.3918166121020586 0.37550500000000003
0.39161672863408736 0.37600500000000003
0.3914169571751561 0.37650500000000003
0.39121729797952265 0.37700500000000003
0.391017751299033 0.37750500000000003
0.3908183173831911 0.37800500000000004
0.3906189964791247 0.37850500000000004
0.3904197888316406 0.37900500000000004
0.390220694683224 0.37950500000000004
0.3900217142740426 0.38000500000000004
0.3898228478419705 0.38050500000000004
0.3896240956225863 0.38100500000000004
0.38942545784923255 0.38150500000000004
0.38922693475297454 0.38200500000000004
0.3890285265626248 0.38250500000000004
0.3888302335048012 0.38300500000000004
0.3886320558038804 0.38350500000000004
0.3884339936820476 0.38400500000000004
0.3882360473593226 0.38450500000000004
0.3880382170535164 0.38500500000000004
0.38784050298029316 0.38550500000000004
0.3876429053531835 0.38600500000000004
0.3874454243835629 0.38650500000000004
0.3872480602806944 0.38700500000000004
0.3870508132517368 0.38750500000000004
0.3868536835017483 0.38800500000000004
0.38665667123372 0.38850500000000004
0.38645977664854325 0.38900500000000005
0.38626299994506913 0.38950500000000005
0.38606634132009787 0.39000500000000005
0.3858698009684232 0.39050500000000005
0.38567337908278254 0.39100500000000005
0.3854770758539231 0.39150500000000005
0.3852808914705961 0.39200500000000005
0.3850848261195638 0.39250500000000005
0.3848888799856372 0.39300500000000005
0.3846930532516369 0.39350500000000005
0.38449734609846414 0.39400500000000005
0.38430175870507405 0.39450500000000005
0.3841062912484965 0.39500500000000005
0.38391094390385055 0.39550500000000005
0.3837157168443678 0.39600500000000005
0.38352061024136846 0.39650500000000005
0.3833256242643303 0.39700500000000005
0.38313075908083194 0.39750500000000005
0.38293601485662226 0.39800500000000005
0.3827413917556094 0.39850500000000005
0.38254688993983954 0.39900500000000005
0.3823525095695558 0.39950500000000005
0.3821582508032435 0.40000500000000005
0.3819641137975165 0.40050500000000006
0.38177009870724 0.40100500000000006
0.3815762056854965 0.40150500000000006
0.38138243488360996 0.40200500000000006
0.3811887864511607 0.40250500000000006
0.38099526053595273 0.40300500000000006
0.3808018572841017 0.40350500000000006
0.38060857683997906 0.40400500000000006
0.38041541934625306 0.40450500000000006
0.3802223849438917 0.40500500000000006
0.38002947377217333 0.40550500000000006
0.379836685968686 0.40600500000000006
0.3796440216693788 0.40650500000000006
0.3794514810085303 0.407005
0.3792590641187645 0.407505
0.37906677113106146 0.408005
0.3788746021747998 0.408505
0.37868255737773315 0.409005
0.3784906368660199 0.409505
0.37829884076418807 0.410005
0.37810716919519144 0.410505
0.3779156222804263 0.411005
0.3777242001397264 0.411505
0.3775329028913387 0.412005
0.3773417306519936 0.412505
0.3771506835368425 0.413005
0.37695976165956163 0.413505
0.37676896513227515 0.414005
0.3765782940656069 0.414505
0.37638774856869195 0.415005
0.3761973287491531 0.415505
0.37600703471315405 0.416005
0.37581686656538443 0.416505
0.37562682440905787 0.417005
0.37543690834595517 0.417505
0.3752471184764056 0.418005
0.37505745489928205 0.418505
0.37486791771207895 0.419005
0.3746785070108257 0.419505
0.3744892228901977 0.420005
0.3743000654434099 0.420505
0.37411103476234087 0.421005
0.37392213093744825 0.421505
0.3737333540578889 0.422005
0.3735447042113246 0.422505
0.3733561814842063 0.423005
0.3731677859615297 0.423505
0.37297951772702587 0.424005
0.372791376863073 0.424505
0.37260336345072154 0.425005
0.3724154775696978 0.425505
0.3722277192984422 0.426005
0.3720400887141159 0.426505
0.37185258589256354 0.427005
0.3716652109083674 0.427505
0.37147796383480575 0.428005
0.3712908447439599 0.428505
0.37110385370659293 0.429005
0.3709169907922559 0.429505
0.3707302560692502 0.430005
0.37054364960463976 0.430505
0.3703571714642836 0.431005
0.3701708217128133 0.431505
0.3699846004136637 0.43200500000000003
0.3697985076290446 0.43250500000000003
0.36961254341998995 0.43300500000000003
0.3694267078463768 0.43350500000000003
0.36924100096685564 0.43400500000000003
0.36905542283894444 0.43450500000000003
0.3688699735189754 0.43500500000000003
0.36868465306214626 0.43550500000000003
0.3684994615225101 0.43600500000000003
0.36831439895295254 0.43650500000000003
0.3681294654052505 0.43700500000000003
0.3679446609300604 0.43750500000000003
0.36775998557691736 0.43800500000000003
0.36757543939422954 0.43850500000000003
0.36739102242932437 0.43900500000000003
0.36720673472842374 0.43950500000000003
0.3670225763366521 0.44000500000000003
0.36683854729808096 0.44050500000000004
0.3666546476556565 0.44100500000000004
0.3664708774513212 0.44150500000000004
0.3662872367259272 0.44200500000000004
0.366103725519247 0.44250500000000004
0.3659203438700457 0.44300500000000004
0.36573709181603137 0.44350500000000004
0.3655539693938756 0.44400500000000004
0.3653709766392187 0.44450500000000004
0.36518811358672887 0.44500500000000004
0.3650053802699857 0.44550500000000004
0.3648227767216246 0.44600500000000004
0.3646403029732444 0.44650500000000004
0.36445795905546735 0.44700500000000004
0.3642757449979233 0.44750500000000004
0.3640936608292687 0.44800500000000004
0.363911706577174 0.44850500000000004
0.36372988226835845 0.44900500000000004
0.363548187928557 0.44950500000000004
0.3633666235825836 0.45000500000000004
0.3631851892542617 0.45050500000000004
0.3630038849665202 0.45100500000000004
0.36282271074129596 0.45150500000000005
0.3626416665996407 0.45200500000000005
0.36246075256168975 0.45250500000000005
0.3622799686466221 0.45300500000000005
0.36209931487270686 0.45350500000000005
0.3619187912573518 0.45400500000000005
0.3617383978170166 0.45450500000000005
0.361558134567303 0.45500500000000005
0.3613780015228886 0.45550500000000005
0.36119799869762825 0.45600500000000005
0.36101812610443224 0.45650500000000005
0.3608383837553833 0.45700500000000005
0.36065877166169746 0.45750500000000005
0.3604792898336975 0.45800500000000005
0.3602999382809063 0.45850500000000005
0.3601207170119713 0.45900500000000005
0.35994162603469504 0.45950500000000005
0.3597626653560553 0.46000500000000005
0.3595838349821934 0.46050500000000005
0.3594051349184188 0.46100500000000005
0.35922656516925067 0.46150500000000005
0.3590481257383658 0.46200500000000005
0.3588698166286321 0.46250500000000005
0.3586916378421477 0.46300500000000006
0.3585135893801735 0.46350500000000006
0.3583356712432008 0.46400500000000006
0.35815788343093946 0.46450500000000006
0.35798022594229584 0.46500500000000006
0.35780269877542115 0.46550500000000006
0.35762530192769454 0.46600500000000006
0.3574480353957182 0.46650500000000006
0.35727089917534066 0.46700500000000006
0.35709389326165253 0.46750500000000006
0.35691701764900796 0.46800500000000006
0.3567402723309906 0.46850500000000006
0.3565636573004647 0.46900500000000006
0.35638717254955277 0.46950500000000006
0.35621081806965804 0.47000500000000006
0.35603459385145436 0.47050500000000006
0.3558584998848828 0.47100500000000006
0.35568253615917034 0.47150500000000006
0.35550670266286044 0.47200500000000006
0.355330999383765 0.47250500000000006
0.35515542630901265 0.47300500000000006
0.3549799834250134 0.47350500000000006
0.35480467071751354 0.47400500000000007
0.35462948817156564 0.47450500000000007
0.35445443577153196 0.47500500000000007
0.3542795135011079 0.47550500000000007
0.3541047213433099 0.476005
0.3539300592804887 0.476505
0.3537555272943523 0.477005
0.35358112536591596 0.477505
0.3534068534755542 0.478005
0.3532327116030186 0.478505
0.3530586997273676 0.479005
0.35288481782709114 0.479505
0.35271106587996515 0.480005
0.3525374438631755 0.480505
0.3523639517532912 0.481005
0.3521905895262271 0.481505
0.3520173571573166 0.482005
0.35184425462123736 0.482505
0.3516712818921087 0.483005
0.35149843894339794 0.483505
0.3513257257479988 0.484005
0.35115314227820277 0.484505
0.3509806885057147 0.485005
0.3508083644016362 0.485505
0.35063616993650354 0.486005
0.3504641050802397 0.486505
0.3502921698022475 0.487005
0.3501203640713133 0.487505
0.3499486878556666 0.488005
0.3497771411229803 0.488505
0.34960572384035704 0.489005
0.34943443597437723 0.489505
0.34926327749101604 0.490005
0.3490922483557534 0.490505
0.3489213485334781 0.491005
0.3487505779885709 0.491505
0.3485799366848891 0.492005
0.3484094245856971 0.492505
0.348239041653829 0.493005
0.34806878785147904 0.493505
0.34789866314041307 0.494005
0.34772866748184417 0.49450500000000003
0.3475588008364626 0.49500500000000003
0.3473890631644683 0.49550500000000003
0.3472194544255566 0.49600500000000003
0.3470499745789028 0.49650500000000003
0.3468806235832048 0.49700500000000003
0.34671140139663553 0.49750500000000003
0.34654230797693286 0.49800500000000003
0.3463733432812705 0.49850500000000003
0.34620450726640656 0.49900500000000003
0.34603579988857885 0.49950500000000003
