2.0000373588622655 5e-06
1.999999995363107 0.000505
1.9999950088513314 0.001005
1.999846751196585 0.001505
1.9991177995419878 0.0020050000000000003
1.9974267506480903 0.0025050000000000003
1.9946802956609695 0.0030050000000000003
1.9909871205873855 0.0035050000000000003
1.9865342152387546 0.004005000000000001
1.9815150136711235 0.004505
1.976099370985135 0.005005000000000001
1.9704253353403125 0.005505
1.964600253562304 0.006005000000000001
1.9587051118866647 0.006505
1.9527994755295144 0.007005000000000001
1.9469260214826158 0.007505
1.941114365591356 0.008005
1.9353841673087697 0.008505
1.929747594272315 0.009005
1.9242112525497939 0.009505000000000001
1.9187776838031676 0.010005
1.9134465170483224 0.010505
1.9082153476966726 0.011005000000000001
1.903080402827511 0.011505000000000001
1.8980370399206408 0.012005000000000002
1.893080116580352 0.012505
1.8882042609025211 0.013005000000000001
1.883404065781242 0.013505000000000001
1.8786742253806554 0.014005000000000002
1.8740096279528415 0.014505
1.869405415991344 0.015005000000000001
1.864857022189097 0.015505000000000001
1.860360187697358 0.016005000000000002
1.8559109676389784 0.016505000000000002
1.8515057276314084 0.017005000000000003
1.8471411341471546 0.017505
1.8428141408225724 0.018005
1.8385219722785429 0.018505
1.8342621065950835 0.019005
1.8300322572650687 0.019505
1.8258303552092372 0.020005000000000002
1.8216545312564012 0.020505000000000002
1.817503099352989 0.021005000000000003
1.8133745406721098 0.021505000000000003
1.80926748871463 0.022005
1.8051807154442054 0.022505
1.8011131184604383 0.023005
1.7970637091883386 0.023505
1.7930316020453614 0.024005000000000002
1.789016004535141 0.024505000000000002
1.7850162082127365 0.025005000000000003
1.7810315804604593 0.025505000000000003
1.7770615570154715 0.026005000000000004
1.7731056351893153 0.026505
1.769163367722513 0.027005
1.7652343572202482 0.027505
1.7613182511173917 0.028005000000000002
1.7574147371265882 0.028505000000000003
1.7535235391242525 0.029005000000000003
1.749644413434524 0.029505000000000003
1.7457771454733924 0.030005000000000004
1.7419215467201097 0.030505
1.7380774519830688 0.031005
1.734244716933669 0.031505000000000005
1.730423215881367 0.032005000000000006
1.7266128397672553 0.032505000000000006
1.7228134943544893 0.033005
1.7190250985972386 0.033505
1.7152475831705434 0.034005
1.7114808891451925 0.034505
1.707724966794046 0.035005
1.703979774516898 0.035505
1.7002452778724104 0.036005
1.6965214487063747 0.036505
1.692808264367907 0.037005
1.6891057070038682 0.037505000000000004
1.685413762925031 0.038005000000000004
1.6817324220363863 0.038505000000000005
1.678061677325402 0.039005000000000005
1.6744015244034096 0.039505000000000005
1.6707519610934662 0.040005000000000006
1.6671129870626338 0.040505000000000006
1.6634846034909876 0.04100500000000001
1.6598668127776113 0.041505
1.6562596182768334 0.042005
1.6526630240636793 0.042505
1.6490770347250716 0.043005
1.6455016551741397 0.043505
1.6419368904857816 0.044005
1.6383827457511526 0.044505
1.6348392259493436 0.045005
1.6313063358346092 0.045505000000000004
1.6277840798372027 0.046005000000000004
1.624272461977585 0.046505000000000005
1.6207714857910187 0.047005000000000005
1.617281154263205 0.047505000000000006
1.6138014697745502 0.048005000000000006
1.610332434053413 0.048505000000000006
1.606874048135692 0.04900500000000001
1.603426312332644 0.04950500000000001
1.5999892262029956 0.050005
1.5965627885320244 0.050505
1.5931469973142045 0.051005
1.5897418497409241 0.051505
1.586347342192078 0.052005
1.5829634702303779 0.052505
1.579590228599545 0.053005000000000004
1.5762276112248048 0.053505000000000004
1.5728756112156321 0.054005000000000004
1.5695342208710878 0.054505000000000005
1.5662034316866742 0.055005000000000005
1.5628832343627612 0.055505000000000006
1.5595736188148783 0.056005000000000006
1.55627457418477 0.05650500000000001
1.55298608885256 0.05700500000000001
1.549708150450545 0.05750500000000001
1.5464407458763703 0.05800500000000001
1.5431838613085342 0.058505
1.5399374822211414 0.059005
1.5367015933996424 0.059505
1.533476178956832 0.060005
1.530261222349301 0.060505
1.5270567063937097 0.061005000000000004
1.523862613283662 0.061505000000000004
1.5206789246059542 0.062005000000000005
1.5175056213578821 0.062505
1.514342683963721 0.063005
1.511190092291054 0.063505
1.5080478256678171 0.064005
1.5049158628984984 0.064505
1.501794182280378 0.06500500000000001
1.498682761619681 0.06550500000000001
1.495581578247392 0.06600500000000001
1.492490609035077 0.06650500000000001
1.489409830410198 0.06700500000000001
1.486339218371285 0.06750500000000001
1.483278748502818 0.06800500000000001
1.480228395990155 0.06850500000000001
1.4771881356336252 0.06900500000000001
1.4741579418626218 0.06950500000000001
1.4711377887496702 0.07000500000000001
1.46812765002364 0.07050500000000001
1.4651274990832541 0.07100500000000001
1.4621373090098453 0.071505
1.459157052580018 0.072005
1.4561867022778698 0.072505
1.4532262303073904 0.073005
1.450275608603815 0.073505
1.4473348088454507 0.074005
1.4444038024645298 0.074505
1.4414825606584443 0.075005
1.4385710543999295 0.075505
1.4356692544477967 0.076005
1.4327771313569442 0.076505
1.4298946554879641 0.077005
1.4270217970167927 0.077505
1.4241585259439473 0.078005
1.4213048121037055 0.078505
1.4184606251727152 0.079005
1.415625934678538 0.079505
1.412800710008076 0.080005
1.4099849204154364 0.08050500000000001
1.4071785350298955 0.08100500000000001
1.4043815228635501 0.08150500000000001
1.4015938528185063 0.08200500000000001
1.3988154936943227 0.08250500000000001
1.3960464141946147 0.08300500000000001
1.3932865829343728 0.08350500000000001
1.3905359684459029 0.08400500000000001
1.387794539185641 0.08450500000000001
1.3850622635401442 0.08500500000000001
1.3823391098321103 0.08550500000000001
1.37962504632632 0.08600500000000001
1.3769200412351845 0.08650500000000001
1.3742240627240392 0.08700500000000001
1.3715370789168337 0.08750500000000001
1.3688590579012032 0.08800500000000001
1.3661899677330283 0.088505
1.3635297764418726 0.089005
1.3608784520352903 0.089505
1.3582359625036242 0.090005
1.3556022758241075 0.090505
1.3529773599655253 0.091005
1.3503611828919817 0.091505
1.347753712567135 0.092005
1.3451549169581416 0.092505
1.3425647640391123 0.093005
1.3399832217951142 0.093505
1.3374102582255558 0.094005
1.3348458413474356 0.094505
1.332289939199042 0.095005
1.3297425198426909 0.095505
1.3272035513682752 0.09600500000000001
1.3246730018959414 0.09650500000000001
1.3221508395791497 0.09700500000000001
1.3196370326075266 0.09750500000000001
1.3171315492093771 0.09800500000000001
1.3146343576545898 0.09850500000000001
1.3121454262568844 0.09900500000000001
1.3096647233766716 0.09950500000000001
1.307192217422816 0.10000500000000001
1.3047278768557047 0.10050500000000001
1.302271670188919 0.10100500000000001
1.2998235659914856 0.10150500000000001
1.2973835328900942 0.10200500000000001
1.294951539571019 0.10250500000000001
1.292527554782013 0.10300500000000001
1.290111547334272 0.10350500000000001
1.2877034861041026 0.10400500000000001
1.2853033400349312 0.10450500000000001
1.2829110781386637 0.10500500000000001
1.2805266694974136 0.10550500000000002
1.2781500832652843 0.106005
1.2757812886696114 0.106505
1.273420255012461 0.107005
1.2710669516721316 0.107505
1.2687213481044186 0.108005
1.2663834138441157 0.108505
1.2640531185058366 0.109005
1.261730431785697 0.109505
1.2594153234621162 0.110005
1.2571077633972012 0.110505
1.2548077215376572 0.111005
1.2525151679157742 0.111505
1.2502300726506919 0.11200500000000001
1.2479524059488871 0.11250500000000001
1.2456821381056546 0.11300500000000001
1.2434192395054318 0.11350500000000001
1.241163680622989 0.11400500000000001
1.2389154320241997 0.11450500000000001
1.2366744643665741 0.11500500000000001
1.2344407484002662 0.11550500000000001
1.2322142549686925 0.11600500000000001
1.2299949550090596 0.11650500000000001
1.2277828195531817 0.11700500000000001
1.2255778197280673 0.11750500000000001
1.2233799267563523 0.11800500000000001
1.2211891119571343 0.11850500000000001
1.2190053467460633 0.11900500000000001
1.216828602636344 0.11950500000000001
1.2146588512388288 0.12000500000000001
1.2124960642627003 0.12050500000000001
1.210340213515722 0.12100500000000002
1.2081912709046756 0.12150500000000002
1.2060492084358603 0.12200500000000002
1.2039139982153066 0.12250500000000002
1.201785612449176 0.123005
1.1996640234439964 0.123505
1.1975492036071633 0.124005
1.195441125446917 0.124505
1.1933397615727954 0.125005
1.1912450846957823 0.125505
1.1891570676285432 0.126005
1.187075683285629 0.126505
1.1850009046836214 0.127005
1.182932704941413 0.127505
1.1808710572801149 0.128005
1.1788159350234462 0.128505
1.1767673115976505 0.129005
1.1747251605317266 0.129505
1.1726894554574856 0.130005
1.1706601701094197 0.130505
1.1686372783251227 0.131005
1.1666207540451037 0.131505
1.1646105713127852 0.132005
1.1626067042745842 0.132505
1.1606091271800045 0.133005
1.1586178143814934 0.133505
1.1566327403344452 0.134005
1.154653879597265 0.134505
1.152681206831176 0.13500500000000001
1.1507146968002493 0.13550500000000001
1.1487543243714273 0.13600500000000001
1.1468000645142826 0.13650500000000002
1.144851892301131 0.13700500000000002
1.1429097829066268 0.13750500000000002
1.14097371160798 0.13800500000000002
1.1390436537848085 0.13850500000000002
1.1371195849187963 0.13900500000000002
1.1352014805936472 0.13950500000000002
1.1332893164951934 0.14000500000000002
1.131383068411051 0.14050500000000002
1.129482712230273 0.14100500000000002
1.1275882239436579 0.14150500000000002
1.1256995796430702 0.14200500000000002
1.123816755521783 0.14250500000000002
1.1219397278738361 0.14300500000000002
1.1200684730941781 0.14350500000000002
1.1182029676782965 0.14400500000000002
1.116343188221964 0.14450500000000002
1.114489111421455 0.14500500000000002
1.1126407140725683 0.14550500000000002
1.1107979730712647 0.14600500000000002
1.1089608654128378 0.14650500000000002
1.1071293681918752 0.14700500000000002
1.1053034586021877 0.14750500000000002
1.103483113936231 0.14800500000000003
1.1016683115852643 0.14850500000000003
1.099859029038731 0.149005
1.0980552438842701 0.149505
1.0962569338073174 0.150005
1.094464076590898 0.150505
1.0926766501153915 0.151005
1.0908946323581885 0.151505
1.0891180013935462 0.152005
1.0873467353920363 0.152505
1.0855808126207507 0.153005
1.0838202114424906 0.153505
1.082064910315759 0.154005
1.0803148877944884 0.154505
1.0785701225276965 0.155005
1.0768305932592124 0.155505
1.0750962788272749 0.156005
1.073367158164359 0.156505
1.071643210296793 0.157005
1.0699244143445723 0.157505
1.0682107495209117 0.158005
1.0665021951320233 0.158505
1.0647987305766824 0.159005
1.0631003353462551 0.159505
1.0614069890237903 0.160005
1.0597186712843112 0.160505
1.0580353618941216 0.161005
1.0563570407107064 0.161505
1.0546836876821368 0.162005
1.053015282846975 0.162505
1.0513518063339864 0.163005
1.049693238361511 0.163505
1.0480395592374863 0.164005
1.0463907493589588 0.164505
1.0447467892116211 0.165005
1.0431076593697768 0.165505
1.0414733404957555 0.166005
1.039843813339684 0.16650500000000001
1.0382190587391162 0.16700500000000001
1.0365990576188426 0.16750500000000001
1.0349837909902182 0.16800500000000002
1.0333732399511468 0.16850500000000002
1.031767385685693 0.16900500000000002
1.0301662094635804 0.16950500000000002
1.02856969264 0.17000500000000002
1.0269778166551582 0.17050500000000002
1.0253905630341593 0.17100500000000002
1.0238079133862472 0.17150500000000002
1.0222298494049793 0.17200500000000002
1.0206563528674906 0.17250500000000002
1.0190874056343062 0.17300500000000002
1.0175229896489997 0.17350500000000002
1.0159630869377954 0.17400500000000002
1.0144076796093109 0.17450500000000002
1.012856749854185 0.17500500000000002
1.0113102799446183 0.17550500000000002
1.0097682522342413 0.17600500000000002
1.008230649157534 0.17650500000000002
1.0066974532296666 0.17700500000000002
1.005168647046186 0.17750500000000002
1.003644213282466 0.17800500000000002
1.0021241346934755 0.17850500000000002
1.0006083941135613 0.17900500000000003
0.9990969744558211 0.17950500000000003
0.9975898587120815 0.18000500000000003
0.9960870299523641 0.18050500000000003
0.9945884713245077 0.18100500000000003
0.9930941660539964 0.18150500000000003
0.9916040974434586 0.18200500000000003
0.9901182488724254 0.18250500000000003
0.9886366037969618 0.18300500000000003
0.9871591457493423 0.183505
0.985685858337688 0.184005
0.9842167252455712 0.184505
0.982751730231818 0.185005
0.981290857130081 0.185505
0.9798340898484875 0.186005
0.9783814123693607 0.186505
0.976932808748853 0.187005
0.9754882631166071 0.187505
0.9740477596754408 0.188005
0.9726112827009914 0.188505
0.9711788165414162 0.189005
0.9697503456169878 0.189505
0.9683258544198738 0.190005
0.9669053275136991 0.190505
0.9654887495332635 0.191005
0.964076105184301 0.191505
0.9626673792429821 0.192005
0.961262556555637 0.192505
0.9598616220385692 0.193005
0.9584645606775472 0.193505
0.9570713575275461 0.194005
0.955681997712427 0.194505
0.9542964664247156 0.195005
0.952914748925084 0.195505
0.9515368305421574 0.196005
0.9501626966721469 0.196505
0.948792332778633 0.197005
0.9474257243920992 0.19750500000000001
0.9460628571096168 0.19800500000000001
0.9447037165947402 0.19850500000000001
0.9433482885769393 0.19900500000000002
0.9419965588513968 0.19950500000000002
0.940648513278698 0.20000500000000002
0.9393041377845895 0.20050500000000002
0.9379634183594385 0.20100500000000002
0.9366263410582062 0.20150500000000002
0.9352928919999269 0.20200500000000002
0.9339630573674917 0.20250500000000002
0.9326368234073276 0.20300500000000002
0.9313141764291222 0.20350500000000002
0.9299951028054679 0.20400500000000002
0.9286795889715459 0.20450500000000002
0.9273676214248866 0.20500500000000002
0.9260591867250598 0.20550500000000002
0.9247542714933211 0.20600500000000002
0.9234528624123607 0.20650500000000002
0.9221549462259785 0.20700500000000002
0.9208605097388274 0.20750500000000002
0.9195695398159793 0.20800500000000002
0.918282023382903 0.20850500000000002
0.9169979474248858 0.20900500000000002
0.9157172989869122 0.20950500000000002
0.9144400651732962 0.21000500000000002
0.9131662331474012 0.21050500000000003
0.911895790131456 0.21100500000000003
0.9106287234060901 0.21150500000000003
0.9093650203101088 0.21200500000000003
0.9081046682403594 0.21250500000000003
0.9068476546511978 0.21300500000000003
0.9055939670543576 0.21350500000000003
0.9043435930186868 0.21400500000000003
0.9030965201697622 0.21450500000000003
0.9018527361896752 0.21500500000000003
0.9006122288168396 0.21550500000000003
0.8993749858454158 0.21600500000000003
0.8981409951253971 0.21650500000000003
0.8969102445621743 0.21700500000000003
0.8956827221161571 0.21750500000000003
0.8944584158027062 0.218005
0.8932373136917344 0.218505
0.8920194039073971 0.219005
0.8908046746279624 0.219505
0.889593114085496 0.220005
0.8883847105654886 0.220505
0.8871794524066812 0.221005
0.8859773280008316 0.221505
0.8847783257923908 0.222005
0.8835824342782423 0.222505
0.8823896420075055 0.223005
0.8811999375811388 0.223505
0.8800133096518297 0.224005
0.8788297469237344 0.224505
0.8776492381520311 0.225005
0.8764717721429045 0.225505
0.8752973377531234 0.226005
0.874125923889872 0.226505
0.872957519510483 0.227005
0.87179211362218 0.227505
0.8706296952818645 0.228005
0.869470253595719 0.228505
0.8683137777191506 0.22900500000000001
0.8671602568565188 0.22950500000000001
0.8660096802606988 0.23000500000000001
0.8648620372331147 0.23050500000000002
0.8637173171232989 0.23100500000000002
0.8625755093286983 0.23150500000000002
0.8614366032944695 0.23200500000000002
0.8603005885132191 0.23250500000000002
0.8591674545247643 0.23300500000000002
0.85803719091588 0.23350500000000002
0.8569097873201399 0.23400500000000002
0.8557852334175337 0.23450500000000002
0.8546635189343857 0.23500500000000002
0.853544633643018 0.23550500000000002
0.8524285673615932 0.23600500000000002
0.8513153099538712 0.23650500000000002
0.8502048513288948 0.23700500000000002
0.8490971814408852 0.23750500000000002
0.8479922902889152 0.23800500000000002
0.8468901679167729 0.23850500000000002
0.8457908044127087 0.23900500000000002
0.8446941899090903 0.23950500000000002
0.8436003145823552 0.24000500000000002
0.8425091686527739 0.24050500000000002
0.8414207423840528 0.24100500000000002
0.8403350260833373 0.24150500000000003
0.8392520101008908 0.24200500000000003
0.8381716848298033 0.24250500000000003
0.8370940407059091 0.24300500000000003
0.8360190682075157 0.24350500000000003
0.8349467578552284 0.24400500000000003
0.8338771002116243 0.24450500000000003
0.8328100858811632 0.24500500000000003
0.8317457055099466 0.24550500000000003
0.8306839497854495 0.24600500000000003
0.8296248094363949 0.24650500000000003
0.8285682752325131 0.24700500000000003
0.8275143379842591 0.24750500000000003
0.8264629885428144 0.24800500000000003
0.825414217799616 0.24850500000000003
0.8243680166863732 0.24900500000000003
0.8233243761747394 0.24950500000000003
0.8222832872761138 0.25000500000000003
0.821244741041586 0.25050500000000003
0.8202087285615463 0.25100500000000003
0.819175240965559 0.25150500000000003
0.8181442694222443 0.25200500000000003
0.8171158051389666 0.25250500000000003
0.8160898393617209 0.25300500000000004
0.8150663633748807 0.25350500000000004
0.814045368501011 0.25400500000000004
0.8130268461007774 0.25450500000000004
0.8120107875725715 0.25500500000000004
0.8109971843524739 0.25550500000000004
0.809986027914122 0.25600500000000004
0.8089773097682247 0.25650500000000004
0.8079710214626191 0.25700500000000004
0.8069671545821525 0.25750500000000004
0.8059657007482397 0.25800500000000004
0.8049666516189246 0.25850500000000004
0.8039699988884751 0.25900500000000004
0.802975734287397 0.25950500000000004
0.8019838495821584 0.26000500000000004
0.8009943365750275 0.26050500000000004
0.8000071871038167 0.26100500000000004
0.7990223930419215 0.26150500000000004
0.7980399462978132 0.26200500000000004
0.797059838815213 0.26250500000000004
0.7960820625726723 0.26300500000000004
0.7951066095834282 0.26350500000000004
0.7941334718953751 0.26400500000000005
0.7931626415907362 0.26450500000000005
0.7921941107859748 0.26500500000000005
0.7912278716315616 0.26550500000000005
0.7902639163119006 0.26600500000000005
0.7893022370450786 0.26650500000000005
0.7883428260826408 0.26700500000000005
0.7873856757096108 0.26750500000000005
0.7864307782442181 0.26800500000000005
0.7854781260375986 0.26850500000000005
0.7845277114739038 0.26900500000000005
0.783579526969883 0.269505
0.782633564974935 0.270005
0.7816898179707533 0.270505
0.7807482784713385 0.271005
0.7798089390226288 0.271505
0.7788717922025953 0.272005
0.7779368306208411 0.272505
0.7770040469186885 0.273005
0.7760734337687578 0.273505
0.7751449838750132 0.274005
0.7742186899724642 0.274505
0.7732945448272174 0.275005
0.7723725412360085 0.275505
0.7714526720263724 0.276005
0.7705349300563102 0.276505
0.7696193082141267 0.277005
0.7687057994184033 0.277505
0.7677943966176972 0.278005
0.7668850927905293 0.278505
0.7659778809451584 0.279005
0.7650727541193767 0.279505
0.7641697053805973 0.280005
0.7632687278253736 0.280505
0.7623698145795678 0.281005
0.7614729587979594 0.281505
0.7605781536643119 0.282005
0.7596853923910301 0.282505
0.7587946682191805 0.283005
0.7579059744182831 0.283505
0.7570193042861516 0.284005
0.756134651148795 0.284505
0.7552520083602172 0.285005
0.7543713693023968 0.285505
0.7534927273850202 0.286005
0.7526160760453742 0.286505
0.7517414087483332 0.287005
0.750868718986097 0.287505
0.7499980002779015 0.288005
0.7491292461703978 0.288505
0.7482624502368692 0.289005
0.7473976060776827 0.289505
0.7465347073197064 0.290005
0.7456737476165037 0.290505
0.7448147206479098 0.291005
0.7439576201202047 0.291505
0.7431024397657894 0.292005
0.7422491733430838 0.292505
0.7413978146364317 0.293005
0.7405483574559364 0.293505
0.73970079563748 0.294005
0.738855123042342 0.294505
0.7380113335573003 0.295005
0.7371694210943356 0.295505
0.7363293795906636 0.296005
0.7354912030085676 0.296505
0.7346548853351519 0.297005
0.73382042058239 0.297505
0.7329878027869287 0.298005
0.7321570260098962 0.298505
0.7313280843369928 0.299005
0.7305009718780654 0.299505
0.7296756827673672 0.300005
0.7288522111630452 0.300505
0.7280305512473426 0.301005
0.7272106972262542 0.301505
0.7263926433295668 0.302005
0.7255763838106819 0.302505
0.7247619129465297 0.303005
0.7239492250373224 0.303505
0.7231383144066674 0.304005
0.7223291754012579 0.304505
0.7215218023909001 0.305005
0.7207161897683163 0.305505
0.7199123319490685 0.306005
0.7191102233713804 0.306505
0.7183098584961797 0.30700500000000003
0.7175112318068255 0.30750500000000003
0.716714337809126 0.30800500000000003
0.7159191710310708 0.30850500000000003
0.715125726022952 0.30900500000000003
0.7143339973570981 0.30950500000000003
0.7135439796277162 0.31000500000000003
0.7127556674509707 0.31050500000000003
0.7119690554647853 0.31100500000000003
0.7111841383285897 0.31150500000000003
0.7104009107235726 0.31200500000000003
0.7096193673522261 0.31250500000000003
0.7088395029383564 0.31300500000000003
0.7080613122271561 0.31350500000000003
0.7072847899847632 0.31400500000000003
0.7065099309985681 0.31450500000000003
0.7057367300766836 0.31500500000000003
0.7049651820481247 0.31550500000000004
0.7041952817627805 0.31600500000000004
0.7034270240909531 0.31650500000000004
0.7026604039236344 0.31700500000000004
0.7018954161721701 0.31750500000000004
0.7011320557683057 0.31800500000000004
0.7003703176640389 0.31850500000000004
0.6996101968314524 0.31900500000000004
0.6988516882627519 0.31950500000000004
0.698094786969995 0.32000500000000004
0.6973394879852369 0.32050500000000004
0.6965857863602061 0.32100500000000004
0.6958336771663417 0.32150500000000004
0.6950831554946145 0.32200500000000004
0.6943342164555616 0.32250500000000004
0.6935868551790918 0.32300500000000004
0.6928410668143539 0.32350500000000004
0.692096846529834 0.32400500000000004
0.69135418951294 0.32450500000000004
0.6906130909703494 0.32500500000000004
0.6898735461274841 0.32550500000000004
0.6891355502287121 0.32600500000000004
0.6883990985372164 0.32650500000000005
0.6876641863346791 0.32700500000000005
0.6869308089215551 0.32750500000000005
0.6861989616166664 0.32800500000000005
0.6854686397573345 0.32850500000000005
0.684739838699163 0.32900500000000005
0.6840125538159885 0.32950500000000005
0.6832867804998061 0.33000500000000005
0.682562514160672 0.33050500000000005
0.6818397502266951 0.33100500000000005
0.6811184841437203 0.33150500000000005
0.6803987113756135 0.33200500000000005
0.6796804274037916 0.33250500000000005
0.678963627727475 0.33300500000000005
0.6782483078632693 0.33350500000000005
0.6775344633454767 0.33400500000000005
0.6768220897256043 0.33450500000000005
0.676111182572581 0.33500500000000005
0.6754017374725986 0.33550500000000005
0.6746937500288764 0.33600500000000005
0.6739872158619035 0.33650500000000005
0.6732821306090006 0.33700500000000005
0.6725784899245267 0.33750500000000005
0.6718762894795738 0.33800500000000006
0.6711755249621071 0.338505
0.6704761920766789 0.339005
0.6697782865445249 0.339505
0.6690818041033832 0.340005
0.6683867405074221 0.340505
0.6676930915272122 0.341005
0.667000852949647 0.341505
0.6663100205777986 0.342005
0.6656205902308834 0.342505
0.6649325577442837 0.343005
0.6642459189692881 0.343505
0.6635606697731962 0.344005
0.6628768060390448 0.344505
0.6621943236657528 0.345005
0.6615132185679424 0.345505
0.6608334866758222 0.346005
0.6601551239352104 0.346505
0.6594781263073878 0.347005
0.6588024897690592 0.347505
0.6581282103123077 0.348005
0.6574552839444725 0.348505
0.6567837066881245 0.349005
0.6561134745809195 0.349505
0.6554445836756777 0.350005
0.6547770300400817 0.350505
0.6541108097569445 0.351005
0.6534459189237432 0.351505
0.6527823536529032 0.352005
0.652120110071494 0.352505
0.6514591843212644 0.353005
0.6507995725585557 0.353505
0.6501412709543081 0.354005
0.6494842756937947 0.354505
0.6488285829768133 0.355005
0.6481741890173717 0.355505
0.6475210900438437 0.356005
0.6468692822987671 0.356505
0.6462187620388261 0.357005
0.645569525534743 0.357505
0.6449215690713167 0.358005
0.6442748889472102 0.358505
0.6436294814750223 0.359005
0.6429853429811302 0.359505
0.6423424698057596 0.360005
0.6417008583026924 0.360505
0.6410605048394661 0.361005
0.6404214057971073 0.361505
0.6397835575701849 0.362005
0.6391469565667516 0.362505
0.6385115992081564 0.363005
0.6378774819291853 0.363505
0.6372446011778299 0.364005
0.6366129534153048 0.364505
0.6359825351159267 0.365005
0.6353533427672085 0.365505
0.6347253728695726 0.366005
0.6340986219364884 0.366505
0.6334730864943483 0.367005
0.6328487630823759 0.367505
0.6322256482525676 0.368005
0.6316037385697203 0.368505
0.6309830306112412 0.369005
0.6303635209672703 0.36950500000000003
0.6297452062404318 0.37000500000000003
0.6291280830458861 0.37050500000000003
0.6285121480113005 0.37100500000000003
0.6278973977766398 0.37150500000000003
0.6272838289943494 0.37200500000000003
0.6266714383290948 0.37250500000000003
0.6260602224577457 0.37300500000000003
0.625450178069449 0.37350500000000003
0.6248413018654299 0.37400500000000003
0.6242335905590188 0.37450500000000003
0.623627040875553 0.37500500000000003
0.6230216495522729 0.37550500000000003
0.6224174133384902 0.37600500000000003
0.6218143289952424 0.37650500000000003
0.6212123932954254 0.37700500000000003
0.6206116030237202 0.37750500000000003
0.6200119549765057 0.37800500000000004
0.6194134459617979 0.37850500000000004
0.6188160727992273 0.37900500000000004
0.6182198323199862 0.37950500000000004
0.6176247213667492 0.38000500000000004
0.6170307367936914 0.38050500000000004
0.6164378754662964 0.38100500000000004
0.6158461342615354 0.38150500000000004
0.6152555100675479 0.38200500000000004
0.614665999783819 0.38250500000000004
0.6140776003210102 0.38300500000000004
0.6134903086009 0.38350500000000004
0.6129041215563857 0.38400500000000004
0.6123190361315225 0.38450500000000004
0.6117350492811527 0.38500500000000004
0.6111521579713778 0.38550500000000004
0.6105703591789402 0.38600500000000004
0.609989649891574 0.38650500000000004
0.6094100271078521 0.38700500000000004
0.6088314878370249 0.38750500000000004
0.6082540290991574 0.38800500000000004
0.6076776479249144 0.38850500000000004
0.6071023413556584 0.38900500000000005
0.6065281064433528 0.38950500000000005
0.6059549402503448 0.39000500000000005
0.605382839849676 0.39050500000000005
0.6048118023246769 0.39100500000000005
0.6042418247691866 0.39150500000000005
0.603672904287337 0.39200500000000005
0.6031050379935674 0.39250500000000005
0.6025382230126515 0.39300500000000005
0.6019724564795484 0.39350500000000005
0.6014077355393121 0.39400500000000005
0.6008440573472801 0.39450500000000005
0.600281419068781 0.39500500000000005
0.5997198178791988 0.39550500000000005
0.5991592509639555 0.39600500000000005
0.5985997155184325 0.39650500000000005
0.598041208747914 0.39700500000000005
0.5974837278674661 0.39750500000000005
0.5969272701022488 0.39800500000000005
0.5963718326868899 0.39850500000000005
0.5958174128660046 0.39900500000000005
0.595264007893783 0.39950500000000005
0.5947116150341558 0.40000500000000005
0.5941602315606512 0.40050500000000006
0.5936098547563525 0.40100500000000006
0.5930604819139268 0.40150500000000006
0.5925121103354812 0.40200500000000006
0.5919647373326895 0.40250500000000006
0.5914183602265283 0.40300500000000006
0.5908729763474706 0.40350500000000006
0.5903285830351668 0.40400500000000006
0.5897851776387651 0.40450500000000006
0.5892427575164731 0.40500500000000006
0.5887013200359064 0.40550500000000006
0.5881608625737342 0.40600500000000006
0.587621382515822 0.40650500000000006
0.5870828772570806 0.407005
0.5865453442016129 0.407505
0.5860087807624086 0.408005
0.5854731843614935 0.408505
0.5849385524299076 0.409005
0.5844048824075124 0.409505
0.5838721717430811 0.410005
0.5833404178942191 0.410505
0.5828096183273745 0.411005
0.5822797705176735 0.411505
0.5817508719490718 0.412005
0.5812229201140809 0.412505
0.5806959125140351 0.413005
0.5801698466587201 0.413505
0.5796447200666295 0.414005
0.5791205302646841 0.414505
0.5785972747884024 0.415005
0.5780749511817451 0.415505
0.5775535569971382 0.416005
0.577033089795372 0.416505
0.5765135471455617 0.417005
0.5759949266252499 0.417505
0.5754772258202386 0.418005
0.5749604423245687 0.418505
0.5744445737405086 0.419005
0.573929617678586 0.419505
0.5734155717574019 0.420005
0.5729024336037047 0.420505
0.5723902008523426 0.421005
0.5718788711462578 0.421505
0.5713684421363495 0.422005
0.5708589114815856 0.422505
0.5703502768488068 0.423005
0.5698425359128375 0.423505
0.5693356863563405 0.424005
0.5688297258698797 0.424505
0.5683246521518868 0.425005
0.5678204629084888 0.425505
0.5673171558536372 0.426005
0.5668147287089929 0.426505
0.5663131792038949 0.427005
0.5658125050754226 0.427505
0.5653127040681831 0.428005
0.5648137739344884 0.428505
0.5643157124341538 0.429005
0.5638185173345727 0.429505
0.5633221864105927 0.430005
0.5628267174446288 0.430505
0.5623321082264431 0.431005
0.561838356553304 0.431505
0.561345460229801 0.43200500000000003
0.5608534170679352 0.43250500000000003
0.5603622248869808 0.43300500000000003
0.5598718815135464 0.43350500000000003
0.5593823847814757 0.43400500000000003
0.5588937325319052 0.43450500000000003
0.5584059226130784 0.43500500000000003
0.5579189528805196 0.43550500000000003
0.5574328211968623 0.43600500000000003
0.5569475254318543 0.43650500000000003
0.5564630634622898 0.43700500000000003
0.5559794331721482 0.43750500000000003
0.5554966324523146 0.43800500000000003
0.5550146592007456 0.43850500000000003
0.5545335113223137 0.43900500000000003
0.5540531867289454 0.43950500000000003
0.5535736833393778 0.44000500000000003
0.5530949990793043 0.44050500000000004
0.5526171318812454 0.44100500000000004
0.5521400796845868 0.44150500000000004
0.5516638404355119 0.44200500000000004
0.551188412086942 0.44250500000000004
0.5507137925986101 0.44300500000000004
0.5502399799369767 0.44350500000000004
0.5497669720751577 0.44400500000000004
0.5492947669929504 0.44450500000000004
0.5488233626768094 0.44500500000000004
0.5483527571198173 0.44550500000000004
0.5478829483216187 0.44600500000000004
0.5474139342884687 0.44650500000000004
0.5469457130330881 0.44700500000000004
0.5464782825747785 0.44750500000000004
0.546011640939278 0.44800500000000004
0.545545786158863 0.44850500000000004
0.5450807162721161 0.44900500000000004
0.5446164293241562 0.44950500000000004
0.544152923366414 0.45000500000000004
0.5436901964566699 0.45050500000000004
0.5432282466590839 0.45100500000000004
0.5427670720440789 0.45150500000000005
0.5423066706884049 0.45200500000000005
0.5418470406750177 0.45250500000000005
0.5413881800931417 0.45300500000000005
0.5409300870381802 0.45350500000000005
0.5404727596117339 0.45400500000000005
0.5400161959215596 0.45450500000000005
0.5395603940815501 0.45500500000000005
0.5391053522116986 0.45550500000000005
0.5386510684380629 0.45600500000000005
0.5381975408928252 0.45650500000000005
0.5377447677141503 0.45700500000000005
0.5372927470461957 0.45750500000000005
0.5368414770391777 0.45800500000000005
0.5363909558492066 0.45850500000000005
0.5359411816383801 0.45900500000000005
0.5354921525746771 0.45950500000000005
0.5350438668320268 0.46000500000000005
0.53459632259016 0.46050500000000005
0.534149518034721 0.46100500000000005
0.5337034513571197 0.46150500000000005
0.5332581207546165 0.46200500000000005
0.5328135244302162 0.46250500000000005
0.5323696605926824 0.46300500000000006
0.531926527456539 0.46350500000000006
0.5314841232419834 0.46400500000000006
0.5310424461749613 0.46450500000000006
0.5306014944870086 0.46500500000000006
0.5301612664153768 0.46550500000000006
0.5297217602028735 0.46600500000000006
0.52928297409797 0.46650500000000006
0.5288449063546489 0.46700500000000006
0.5284075552325002 0.46750500000000006
0.52797091899665 0.46800500000000006
0.52753499591772 0.46850500000000006
0.5270997842717804 0.46900500000000006
0.5266652823404598 0.46950500000000006
0.5262314884108044 0.47000500000000006
0.5257984007752059 0.47050500000000006
0.5253660177316117 0.47100500000000006
0.5249343375832441 0.47150500000000006
0.5245033586386894 0.47200500000000006
0.5240730792119809 0.47250500000000006
0.5236434976223244 0.47300500000000006
0.5232146121943467 0.47350500000000006
0.5227864212579248 0.47400500000000007
0.5223589231481808 0.47450500000000007
0.521932116205474 0.47500500000000007
0.5215059987754234 0.47550500000000007
0.5210805692088042 0.476005
0.5206558258615829 0.476505
0.5202317670949455 0.477005
0.5198083912750868 0.477505
0.5193856967734776 0.478005
0.5189636819665836 0.478505
0.5185423452359775 0.479005
0.5181216849683302 0.479505
0.5177016995552965 0.480005
0.5172823873936002 0.480505
0.5168637468849459 0.481005
0.51644577643606 0.481505
0.5160284744585723 0.482005
0.5156118393690878 0.482505
0.5151958695891719 0.483005
0.5147805635452576 0.483505
0.5143659196686796 0.484005
0.5139519363956743 0.484505
0.5135386121672431 0.485005
0.5131259454293248 0.485505
0.5127139346326434 0.486005
0.5123025782326904 0.486505
0.5118918746897418 0.487005
0.5114818224688702 0.487505
0.5110724200398629 0.488005
0.5106636658772242 0.488505
0.5102555584602025 0.489005
0.5098480962727038 0.489505
0.5094412778032958 0.490005
0.509035101545264 0.490505
0.5086295659964475 0.491005
0.5082246696593509 0.491505
0.5078204110411058 0.492005
0.5074167886533338 0.492505
0.5070138010123065 0.493005
0.5066114466388418 0.493505
0.5062097240582616 0.494005
0.5058086318003793 0.49450500000000003
0.5054081683995774 0.49500500000000003
0.5050083323946573 0.49550500000000003
0.5046091223289243 0.49600500000000003
0.504210536750088 0.49650500000000003
0.5038125742103345 0.49700500000000003
0.5034152332662475 0.49750500000000003
0.5030185124787766 0.49800500000000003
0.5026224104133412 0.49850500000000003
0.5022269256396044 0.49900500000000003
0.5018320567316708 0.49950500000000003
