1.9999998670005532 5e-06
1.9999999878854768 0.001005
1.9999999886634234 0.0020050000000000003
1.999999988889812 0.0030050000000000003
1.9999999403249564 0.004005000000000001
1.9999987674130262 0.005005000000000001
1.9999894330971943 0.006005000000000001
1.99995022648266 0.007005000000000001
1.999839557156539 0.008005
1.9995989006534514 0.009005
1.999161334894421 0.010005
1.9984608790087681 0.011005000000000001
1.9974396014181457 0.012005000000000002
1.9960516607682974 0.013005000000000001
1.9942647011739731 0.014005000000000002
1.9920594269838996 0.015005000000000001
1.9894281368107873 0.016005000000000002
1.9863727979554238 0.017005000000000003
1.9829030366049518 0.018005
1.979034257615092 0.019005
1.9747859970965922 0.020005000000000002
1.970180542260155 0.021005000000000003
1.9652418138885326 0.022005
1.9599944870064268 0.023005
1.9544633172745978 0.024005000000000002
1.9486726392266915 0.025005000000000003
1.9426460045553602 0.026005000000000004
1.9364059323094462 0.027005
1.9299737469843137 0.028005000000000002
1.9233694845420681 0.029005000000000003
1.916611850044079 0.030005000000000004
1.9097182137774311 0.031005
1.9027046354319086 0.032005000000000006
1.8955859081221227 0.033005
1.8883756158662661 0.034005
1.881086199600698 0.035005
1.8737290279914698 0.036005
1.866314470239609 0.037005
1.8588519688073886 0.038005000000000004
1.8513501105831864 0.039005000000000005
1.8438166954363828 0.040005000000000006
1.836258801474143 0.04100500000000001
1.8286828465681495 0.042005
1.8210946459165709 0.043005
1.8134994655629126 0.044005
1.8059020718981746 0.045005
1.7983067772454848 0.046005000000000004
1.7907174816887934 0.047005000000000005
1.783137711335086 0.048005000000000006
1.7755706532254796 0.04900500000000001
1.768019187116595 0.050005
1.760485914361752 0.051005
1.7529731841126714 0.052005
1.745483117063616 0.053005000000000004
1.7380176269389531 0.054005000000000004
1.7305784399291362 0.055005000000000005
1.7231671122498378 0.056005000000000006
1.715785046004631 0.05700500000000001
1.7084335035021971 0.05800500000000001
1.7011136201819879 0.059005
1.693826416273535 0.060005
1.6865728073210198 0.061005000000000004
1.6793536136774558 0.062005000000000005
1.6721695690746505 0.063005
1.6650213283579602 0.064005
1.6579094744721272 0.06500500000000001
1.6508345247700684 0.06600500000000001
1.643796936714885 0.06700500000000001
1.6367971130366534 0.06800500000000001
1.6298354063972422 0.06900500000000001
1.6229121236135733 0.07000500000000001
1.6160275294846467 0.07100500000000001
1.609181850262007 0.072005
1.6023752767983093 0.073005
1.5956079674081898 0.074005
1.5888800504692713 0.075005
1.5821916267896357 0.076005
1.575542771764326 0.077005
1.568933537343124 0.078005
1.5623639538268606 0.079005
1.5558340315101622 0.080005
1.5493437621848314 0.08100500000000001
1.5428931205171834 0.08200500000000001
1.536482065313932 0.08300500000000001
1.5301105406816133 0.08400500000000001
1.523778477098242 0.08500500000000001
1.5174857923958682 0.08600500000000001
1.5112323926701752 0.08700500000000001
1.5050181731187016 0.08800500000000001
1.4988430188178885 0.089005
1.4927068054408577 0.090005
1.486609399924519 0.091005
1.480550661088442 0.092005
1.4745304402099304 0.093005
1.4685485815603005 0.094005
1.462604922903746 0.095005
1.456699295964311 0.09600500000000001
1.4508315268594911 0.09700500000000001
1.445001436509125 0.09800500000000001
1.43920884101613 0.09900500000000001
1.4334535520235754 0.10000500000000001
1.42773537705083 0.10100500000000001
1.422054119808702 0.10200500000000001
1.4164095804943855 0.10300500000000001
1.41080155607206 0.10400500000000001
1.4052298405336263 0.10500500000000001
1.3996942251478488 0.106005
1.3941944986917476 0.107005
1.3887304476726905 0.108005
1.383301856535561 0.109005
1.3779085078588482 0.110005
1.3725501825420305 0.111005
1.3672266599800467 0.11200500000000001
1.3619377182301171 0.11300500000000001
1.3566831341700103 0.11400500000000001
1.3514626836465873 0.11500500000000001
1.3462761416170745 0.11600500000000001
1.3411232822843557 0.11700500000000001
1.3360038792217885 0.11800500000000001
1.3309177054966765 0.11900500000000001
1.3258645337819206 0.12000500000000001
1.3208441364652337 0.12100500000000002
1.3158562857526548 0.12200500000000002
1.3109007537650086 0.123005
1.3059773126304612 0.124005
1.3010857345727125 0.125005
1.2962257919934843 0.126005
1.2913972575519406 0.127005
1.2865999042382823 0.128005
1.2818335054462802 0.129005
1.2770978350380413 0.130005
1.2723926674097266 0.131005
1.2677177775500148 0.132005
1.2630729410980157 0.133005
1.2584579343963882 0.134005
1.2538725345427304 0.13500500000000001
1.2493165194369233 0.13600500000000001
1.244789667827363 0.13700500000000002
1.2402917593532157 0.13800500000000002
1.2358225745848401 0.13900500000000002
1.231381895061854 0.14000500000000002
1.22696950332906 0.14100500000000002
1.222585182969608 0.14200500000000002
1.2182287186373657 0.14300500000000002
1.2138998960855092 0.14400500000000002
1.2095985021956093 0.14500500000000002
1.2053243250022287 0.14600500000000002
1.201077153718173 0.14700500000000002
1.1968567787564441 0.14800500000000003
1.192662991752071 0.149005
1.1884955855809527 0.150005
1.1843543543781974 0.151005
1.1802390935551195 0.152005
1.1761495998143694 0.153005
1.172085671163981 0.154005
1.1680471069314815 0.155005
1.1640337077739125 0.156005
1.1600452756901123 0.157005
1.1560816140297743 0.158005
1.15214252750204 0.159005
1.148227822183644 0.160005
1.144337305525317 0.161005
1.140470786358155 0.162005
1.1366280748985493 0.163005
1.1328089827525505 0.164005
1.1290133229189387 0.165005
1.125240909793119 0.166005
1.121491559168417 0.16700500000000001
1.1177650882377161 0.16800500000000002
1.1140613155948436 0.16900500000000002
1.1103800612337402 0.17000500000000002
1.1067211465496005 0.17100500000000002
1.10308439433665 0.17200500000000002
1.0994696287878294 0.17300500000000002
1.0958766754923308 0.17400500000000002
1.0923053614335287 0.17500500000000002
1.0887555149858452 0.17600500000000002
1.0852269659122389 0.17700500000000002
1.081719545360043 0.17800500000000002
1.0782330858571145 0.17900500000000003
1.0747674213075828 0.18000500000000003
1.071322386987404 0.18100500000000003
1.0678978195385618 0.18200500000000003
1.0644935569647829 0.18300500000000003
1.06110943862553 0.184005
1.0577453052297132 0.185005
1.0544009988301188 0.186005
1.0510763628168498 0.187005
1.0477712419107215 0.188005
1.0444854821565959 0.189005
1.0412189309160382 0.190005
1.0379714368606034 0.191005
1.034742849963871 0.192005
1.031533021494488 0.193005
1.0283418040078167 0.194005
1.025169051338883 0.195005
1.022014618593758 0.196005
1.0188783621417812 0.197005
1.0157601396070328 0.19800500000000001
1.0126598098602784 0.19900500000000002
1.0095772330108583 0.20000500000000002
1.0065122703971938 0.20100500000000002
1.0034647845791964 0.20200500000000002
1.000434639329115 0.20300500000000002
0.9974216996228497 0.20400500000000002
0.9944258316310873 0.20500500000000002
0.9914469027108687 0.20600500000000002
0.9884847813959625 0.20700500000000002
0.9855393373886108 0.20800500000000002
0.9826104415502379 0.20900500000000002
0.9796979658926641 0.21000500000000002
0.9768017835683571 0.21100500000000003
0.9739217688624914 0.21200500000000003
0.9710577971830473 0.21300500000000003
0.9682097450520295 0.21400500000000003
0.9653774900964126 0.21500500000000003
0.9625609110388373 0.21600500000000003
0.9597598876890521 0.21700500000000003
0.9569743009338482 0.218005
0.9542040327292116 0.219005
0.9514489660902726 0.220005
0.9487089850828069 0.221005
0.9459839748140257 0.222005
0.9432738214234649 0.223005
0.9405784120742017 0.224005
0.9378976349439553 0.225005
0.935231379215768 0.226005
0.9325795350695776 0.227005
0.9299419936729545 0.228005
0.927318647172662 0.22900500000000001
0.924709388685601 0.23000500000000001
0.9221141122900447 0.23100500000000002
0.919532713017139 0.23200500000000002
0.9169650868420455 0.23300500000000002
0.9144111306755167 0.23400500000000002
0.9118707423548907 0.23500500000000002
0.9093438206362239 0.23600500000000002
0.9068302651853224 0.23700500000000002
0.9043299765692855 0.23800500000000002
0.901842856248547 0.23900500000000002
0.8993688065681973 0.24000500000000002
0.8969077307498303 0.24100500000000002
0.8944595328831217 0.24200500000000003
0.8920241179181647 0.24300500000000003
0.8896013916568082 0.24400500000000003
0.8871912607448993 0.24500500000000003
0.884793632664133 0.24600500000000003
0.8824084157243551 0.24700500000000003
0.8800355190556326 0.24800500000000003
0.8776748525998466 0.24900500000000003
0.8753263271040838 0.25000500000000003
0.8729898541117618 0.25100500000000003
0.8706653459555413 0.25200500000000003
0.8683527157501819 0.25300500000000004
0.8660518773838634 0.25400500000000004
0.8637627455118188 0.25500500000000004
0.8614852355482994 0.25600500000000004
0.8592192636596324 0.25700500000000004
0.856964746756441 0.25800500000000004
0.8547216024871889 0.25900500000000004
0.8524897492301837 0.26000500000000004
0.850269106086968 0.26100500000000004
0.8480595928753835 0.26200500000000004
0.8458611301220679 0.26300500000000004
0.8436736390561027 0.26400500000000005
0.8414970416020086 0.26500500000000005
0.8393312603726536 0.26600500000000005
0.8371762186628885 0.26700500000000005
0.8350318404427725 0.26800500000000005
0.8328980503509102 0.26900500000000005
0.8307747736879191 0.270005
0.8286619364099741 0.271005
0.8265594651223231 0.272005
0.8244672870732506 0.273005
0.8223853301468944 0.274005
0.8203135228583889 0.275005
0.8182517943461853 0.276005
0.8162000743671066 0.277005
0.8141582932894001 0.278005
0.8121263820874395 0.279005
0.810104272335315 0.280005
0.8080918962011246 0.281005
0.8060891864408817 0.282005
0.804096076393348 0.283005
0.8021124999734841 0.284005
0.8001383916675044 0.285005
0.798173686526697 0.286005
0.7962183201623224 0.287005
0.7942722287397975 0.288005
0.7923353489732813 0.289005
0.790407618120793 0.290005
0.7884889739777847 0.291005
0.7865793548729642 0.292005
0.7846786996624707 0.293005
0.7827869477250153 0.294005
0.7809040389563114 0.295005
0.7790299137643075 0.296005
0.7771645130642256 0.297005
0.775307778273386 0.298005
0.7734596513065533 0.299005
0.7716200745705558 0.300005
0.7697889909602404 0.301005
0.7679663438526814 0.302005
0.7661520771035538 0.303005
0.7643461350417711 0.304005
0.7625484624649376 0.305005
0.760759004634798 0.306005
0.7589777072729392 0.30700500000000003
0.7572045165560494 0.30800500000000003
0.7554393791114968 0.30900500000000003
0.7536822420131218 0.31000500000000003
0.7519330527765665 0.31100500000000003
0.7501917593554163 0.31200500000000003
0.7484583101365383 0.31300500000000003
0.7467326539359574 0.31400500000000003
0.7450147399948569 0.31500500000000003
0.7433045179753858 0.31600500000000004
0.7416019379565612 0.31700500000000004
0.739906950429905 0.31800500000000004
0.7382195062962215 0.31900500000000004
0.7365395568608446 0.32000500000000004
0.7348670538300607 0.32100500000000004
0.733201949307277 0.32200500000000004
0.7315441957891687 0.32300500000000004
0.7298937461616951 0.32400500000000004
0.7282505536968736 0.32500500000000004
0.7266145720482559 0.32600500000000004
0.7249857552478027 0.32700500000000005
0.7233640577024076 0.32800500000000005
0.7217494341896481 0.32900500000000005
0.720141839854747 0.33000500000000005
0.7185412302070282 0.33100500000000005
0.7169475611160754 0.33200500000000005
0.7153607888087882 0.33300500000000005
0.7137808698653594 0.33400500000000005
0.7122077612166704 0.33500500000000005
0.7106414201399719 0.33600500000000005
0.7090818042565353 0.33700500000000005
0.7075288715279237 0.33800500000000006
0.705982580252541 0.339005
0.7044428890629348 0.340005
0.7029097569223781 0.341005
0.7013831431214039 0.342005
0.6998630072753939 0.343005
0.6983493093210775 0.344005
0.6968420095132174 0.345005
0.6953410684225307 0.346005
0.6938464469315421 0.347005
0.6923581062325925 0.348005
0.690876007824431 0.349005
0.6894001135095251 0.350005
0.6879303853909683 0.351005
0.6864667858700634 0.352005
0.6850092776430293 0.353005
0.6835578236989753 0.354005
0.6821123873161054 0.355005
0.6806729320599814 0.356005
0.6792394217803105 0.357005
0.6778118206086126 0.358005
0.6763900929554036 0.359005
0.6749742035073556 0.360005
0.6735641172254863 0.361005
0.672159799341762 0.362005
0.6707612153571658 0.363005
0.6693683310389611 0.364005
0.6679811124182924 0.365005
0.6665995257876219 0.366005
0.6652235376986455 0.367005
0.6638531149594622 0.368005
0.6624882246327995 0.369005
0.6611288340328374 0.37000500000000003
0.659774910723817 0.37100500000000003
0.6584264225170564 0.37200500000000003
0.6570833374691785 0.37300500000000003
0.6557456238793072 0.37400500000000003
0.6544132502875628 0.37500500000000003
0.653086185472248 0.37600500000000003
0.6517643984480995 0.37700500000000003
0.6504478584637374 0.37800500000000004
0.6491365349998769 0.37900500000000004
0.6478303977671589 0.38000500000000004
0.6465294167038605 0.38100500000000004
0.6452335619742215 0.38200500000000004
0.6439428039660188 0.38300500000000004
0.642657113288551 0.38400500000000004
0.6413764607712193 0.38500500000000004
0.6401008174605538 0.38600500000000004
0.6388301546192696 0.38700500000000004
0.637564443723669 0.38800500000000004
0.63630365646197 0.38900500000000005
0.6350477647324674 0.39000500000000005
0.63379674064125 0.39100500000000005
0.6325505565011478 0.39200500000000005
0.631309184828962 0.39300500000000005
0.6300725983441078 0.39400500000000005
0.6288407699670993 0.39500500000000005
0.6276136728170743 0.39600500000000005
0.6263912802105612 0.39700500000000005
0.6251735656595417 0.39800500000000005
0.6239605028698474 0.39900500000000005
0.6227520657390824 0.40000500000000005
0.6215482283554349 0.40100500000000006
0.6203489649956258 0.40200500000000006
0.6191542501233849 0.40300500000000006
0.617964058387821 0.40400500000000006
0.6167783646216897 0.40500500000000006
0.6155971438399852 0.40600500000000006
0.6144203712381076 0.407005
0.6132480221903936 0.408005
0.6120800722485148 0.409005
0.6109164971402095 0.410005
0.6097572727670224 0.411005
0.6086023752039325 0.412005
0.6074517806965068 0.413005
0.6063054656605177 0.414005
0.6051634066800239 0.415005
0.6040255805056387 0.416005
0.6028919640538742 0.417005
0.6017625344046562 0.418005
0.60063726880099 0.419005
0.5995161446467626 0.420005
0.5983991395056911 0.421005
0.5972862310999169 0.422005
0.5961773973087076 0.423005
0.5950726161669098 0.424005
0.5939718658638619 0.425005
0.5928751247417497 0.426005
0.5917823712948549 0.427005
0.5906935841676428 0.428005
0.5896087421537666 0.429005
0.5885278241949179 0.430005
0.5874508093794583 0.431005
0.5863776769409016 0.43200500000000003
0.5853084062573147 0.43300500000000003
0.5842429768494452 0.43400500000000003
0.583181368379925 0.43500500000000003
0.5821235606518679 0.43600500000000003
0.581069533607841 0.43700500000000003
0.5800192673286427 0.43800500000000003
0.5789727420320067 0.43900500000000003
0.5779299380716283 0.44000500000000003
0.5768908359360576 0.44100500000000004
0.575855416247296 0.44200500000000004
0.5748236597599783 0.44300500000000004
0.5737955473601377 0.44400500000000004
0.5727710600641591 0.44500500000000004
0.571750179017569 0.44600500000000004
0.5707328854941202 0.44700500000000004
0.5697191608948224 0.44800500000000004
0.5687089867463324 0.44900500000000004
0.567702344700742 0.45000500000000004
0.5666992165339295 0.45100500000000004
0.5656995841446386 0.45200500000000005
0.5647034295537097 0.45300500000000005
0.5637107349028707 0.45400500000000005
0.562721482453831 0.45500500000000005
0.5617356545870407 0.45600500000000005
0.5607532338013312 0.45700500000000005
0.5597742027121847 0.45800500000000005
0.5587985440514207 0.45900500000000005
0.5578262406657069 0.46000500000000005
0.5568572755161804 0.46100500000000005
0.5558916316769938 0.46200500000000005
0.5549292923348289 0.46300500000000006
0.5539702407876723 0.46400500000000006
0.5530144604440149 0.46500500000000006
0.5520619348220388 0.46600500000000006
0.5511126475485576 0.46700500000000006
0.5501665823584286 0.46800500000000006
0.5492237230933947 0.46900500000000006
0.5482840537012611 0.47000500000000006
0.5473475582352799 0.47100500000000006
0.5464142208529573 0.47200500000000006
0.5454840258155297 0.47300500000000006
0.5445569574868904 0.47400500000000007
0.543633000333137 0.47500500000000007
0.5427121389210667 0.476005
0.5417943579182222 0.477005
0.5408796420914582 0.478005
0.5399679763062998 0.479005
0.5390593455265318 0.480005
0.5381537348127823 0.481005
0.5372511293223399 0.482005
0.5363515143078514 0.483005
0.5354548751172379 0.484005
0.5345611971922521 0.485005
0.5336704660682102 0.486005
0.5327826673729253 0.487005
0.5318977868264382 0.488005
0.5310158102396753 0.489005
0.5301367235143376 0.490005
0.529260512641847 0.491005
0.528387163702624 0.492005
0.5275166628655369 0.493005
0.5266489963872925 0.494005
0.5257841506114838 0.49500500000000003
0.5249221119680432 0.49600500000000003
0.5240628669727185 0.49700500000000003
0.5232064022261667 0.49800500000000003
0.5223527044134685 0.49900500000000003
