1.0000154994730182 5e-06
0.9999999838836627 0.000505
0.999995016139607 0.001005
0.9998467789876203 0.001505
0.9991187309487655 0.0020050000000000003
0.9974366561688216 0.0025050000000000003
0.9947292043895521 0.0030050000000000003
0.9911417955170024 0.0035050000000000003
0.9869037929950997 0.004005000000000001
0.9822467696579211 0.004505
0.977368737218119 0.005005000000000001
0.9724243812686775 0.005505
0.967527223867917 0.006005000000000001
0.9627561225184669 0.006505
0.9581625475404111 0.007005000000000001
0.9537771884132509 0.007505
0.949615437750346 0.008005
0.9456817319342944 0.008505
0.9419728881411603 0.009005
0.9384806182252027 0.009505000000000001
0.9351933918203399 0.010005
0.9320977962272261 0.010505
0.9291795129535595 0.011005000000000001
0.9264240054862951 0.011505000000000001
0.9238169916188226 0.012005000000000002
0.921344756521785 0.012505
0.918994349254132 0.013005000000000001
0.9167536949386035 0.013505000000000001
0.914611646775133 0.014005000000000002
0.912557995916714 0.014505
0.9105834525609086 0.015005000000000001
0.9086796080775484 0.015505000000000001
0.9068388853311885 0.016005000000000002
0.9050544823610287 0.016505000000000002
0.90332031309002 0.017005000000000003
0.9016309476264646 0.017505
0.8999815539025067 0.018005
0.8983678417941167 0.018505
0.8967860104283152 0.019005
0.8952326990707522 0.019505
0.8937049417614673 0.020005000000000002
0.8922001257126465 0.020505000000000002
0.8907159533761669 0.021005000000000003
0.8892504080192672 0.021505000000000003
0.8878017226056389 0.022005
0.8863683517549246 0.022505
0.8849489465453455 0.023005
0.8835423319228448 0.023505
0.8821474864874487 0.024005000000000002
0.8807635244372969 0.024505000000000002
0.8793896794644767 0.025005000000000003
0.8780252904100346 0.025505000000000003
0.8766697885014513 0.026005000000000004
0.8753226860103146 0.026505
0.8739835661815941 0.027005
0.872652074300812 0.027505
0.8713279097774415 0.028005000000000002
0.8700108191349942 0.028505000000000003
0.8687005898093304 0.029005000000000003
0.8673970446669468 0.029505000000000003
0.866100037163977 0.030005000000000004
0.8648094470751283 0.030505
0.863525176729094 0.031005
0.8622471476941618 0.031505000000000005
0.8609752978635392 0.032005000000000006
0.8597095788952841 0.032505000000000006
0.8584499539672177 0.033005
0.8571963958106793 0.033505
0.8559488849918478 0.034005
0.8547074084122809 0.034505
0.8534719580033344 0.035005
0.8522425295925181 0.035505
0.8510191219217317 0.036005
0.8498017357997573 0.036505
0.8485903733733373 0.037005
0.8473850375031268 0.037505000000000004
0.8461857312318174 0.038005000000000004
0.8449924573335568 0.038505000000000005
0.8438052179351407 0.039005000000000005
0.8426240142000505 0.039505000000000005
0.8414488460677184 0.040005000000000006
0.8402797120411459 0.040505000000000006
0.8391166090172069 0.04100500000000001
0.8379595321534001 0.041505
0.8368084747675261 0.042005
0.8356634282648793 0.042505
0.834524382089925 0.043005
0.8333913236990036 0.043505
0.8322642385511001 0.044005
0.8311431101140464 0.044505
0.8300279198839182 0.045005
0.828918647415654 0.045505000000000004
0.8278152703632075 0.046005000000000004
0.826717764527273 0.046505000000000005
0.8256261039096161 0.047005000000000005
0.8245402607726566 0.047505000000000006
0.8234602057033449 0.048005000000000006
0.8223859076801 0.048505000000000006
0.821317334142249 0.04900500000000001
0.8202544510613967 0.04950500000000001
0.8191972230135536 0.050005
0.8181456132522339 0.050505
0.8170995837815573 0.051005
0.8160590954288424 0.051505
0.8150241079169704 0.052005
0.8139945799356251 0.052505
0.8129704692114138 0.053005000000000004
0.8119517325767528 0.053505000000000004
0.8109383260371382 0.054005000000000004
0.8099302048366841 0.054505000000000005
0.8089273235222213 0.055005000000000005
0.8079296360050356 0.055505000000000006
0.8069370956211843 0.056005000000000006
0.8059496551895267 0.05650500000000001
0.804967267067872 0.05700500000000001
0.803989883207007 0.05750500000000001
0.8030174552028059 0.05800500000000001
0.8020499343461543 0.058505
0.8010872716711067 0.059005
0.8001294180007003 0.059505
0.7991763239910318 0.060005
0.7982279401733298 0.060505
0.7972842169940928 0.061005000000000004
0.7963451048533189 0.061505000000000004
0.7954105541409959 0.062005000000000005
0.794480515271705 0.062505
0.7935549387175562 0.063005
0.79263377503945 0.063505
0.7917169749165364 0.064005
0.7908044891743274 0.064505
0.7898962688110426 0.06500500000000001
0.7889922650226271 0.06550500000000001
0.7880924292262371 0.06600500000000001
0.7871967130823463 0.06650500000000001
0.7863050685155839 0.06700500000000001
0.7854174477341762 0.06750500000000001
0.7845338032482001 0.06800500000000001
0.7836540878868113 0.06850500000000001
0.7827782548138074 0.06900500000000001
0.7819062575429327 0.06950500000000001
0.7810380499511649 0.07000500000000001
0.7801735862918162 0.07050500000000001
0.7793128212061717 0.07100500000000001
0.778455709734412 0.071505
0.7776022073255907 0.072005
0.7767522698466525 0.072505
0.7759058535909171 0.073005
0.775062915285642 0.073505
0.774223412098775 0.074005
0.7733873016449611 0.074505
0.7725545419913028 0.075005
0.7717250916618703 0.075505
0.7708989096421275 0.076005
0.7700759553824477 0.076505
0.769256188801354 0.077005
0.768439570287909 0.077505
0.7676260607039219 0.078005
0.7668156213856159 0.078505
0.7660082141446934 0.079005
0.7652038012691023 0.079505
0.7644023455236296 0.080005
0.7636038101495413 0.08050500000000001
0.7628081588644449 0.08100500000000001
0.7620153558617068 0.08150500000000001
0.7612253658091614 0.08200500000000001
0.7604381538480367 0.08250500000000001
0.7596536855913066 0.08300500000000001
0.7588719271218669 0.08350500000000001
0.7580928449904643 0.08400500000000001
0.7573164062133697 0.08450500000000001
0.7565425782699129 0.08500500000000001
0.7557713290996851 0.08550500000000001
0.7550026270997374 0.08600500000000001
0.7542364411213844 0.08650500000000001
0.7534727404669885 0.08700500000000001
0.7527114948867067 0.08750500000000001
0.7519526745748031 0.08800500000000001
0.7511962501659666 0.088505
0.7504421927317224 0.089005
0.7496904737763406 0.089505
0.7489410652329999 0.090005
0.7481939394596473 0.090505
0.7474490692348158 0.091005
0.7467064277534367 0.091505
0.7459659886225001 0.092005
0.7452277258567787 0.092505
0.7444916138742887 0.093005
0.7437576274918901 0.093505
0.7430257419208319 0.094005
0.7422959327621249 0.094505
0.7415681760020694 0.095005
0.7408424480075239 0.095505
0.7401187255214713 0.09600500000000001
0.7393969856582383 0.09650500000000001
0.7386772058989252 0.09700500000000001
0.7379593640867539 0.09750500000000001
0.7372434384224541 0.09800500000000001
0.7365294074595188 0.09850500000000001
0.7358172500996748 0.09900500000000001
0.7351069455881988 0.09950500000000001
0.7343984735091531 0.10000500000000001
0.7336918137811396 0.10050500000000001
0.7329869466523131 0.10100500000000001
0.7322838526959603 0.10150500000000001
0.7315825128059891 0.10200500000000001
0.7308829081923741 0.10250500000000001
0.7301850203765683 0.10300500000000001
0.7294888311871183 0.10350500000000001
0.7287943227551389 0.10400500000000001
0.7281014775099303 0.10450500000000001
0.7274102781746361 0.10500500000000001
0.7267207077617396 0.10550500000000002
0.7260327495689044 0.106005
0.7253463871745955 0.106505
0.7246616044338444 0.107005
0.7239783854740623 0.107505
0.7232967146908472 0.108005
0.7226165767438502 0.108505
0.7219379565527133 0.109005
0.7212608392930258 0.109505
0.7205852103922029 0.110005
0.7199110555257362 0.110505
0.7192383606130173 0.111005
0.718567111813696 0.111505
0.7178972955236989 0.11200500000000001
0.7172288983714253 0.11250500000000001
0.7165619072142138 0.11300500000000001
0.7158963091343145 0.11350500000000001
0.7152320914354677 0.11400500000000001
0.7145692416393125 0.11450500000000001
0.7139077474815757 0.11500500000000001
0.7132475969089092 0.11550500000000001
0.7125887780750312 0.11600500000000001
0.7119312793376392 0.11650500000000001
0.7112750892547866 0.11700500000000001
0.7106201965816474 0.11750500000000001
0.7099665902671909 0.11800500000000001
0.7093142594510204 0.11850500000000001
0.7086631934599923 0.11900500000000001
0.7080133818051917 0.11950500000000001
0.7073648141787418 0.12000500000000001
0.7067174804508793 0.12050500000000001
0.7060713706666809 0.12100500000000002
0.7054264750432567 0.12150500000000002
0.704782783966791 0.12200500000000002
0.7041402879895154 0.12250500000000002
0.7034989778271079 0.123005
0.7028588443555128 0.123505
0.702219878608548 0.124005
0.7015820717748549 0.124505
0.7009454151954236 0.125005
0.7003099003608523 0.125505
0.6996755189087362 0.126005
0.6990422626211213 0.126505
0.6984101234219388 0.127005
0.6977790933745609 0.127505
0.6971491646793498 0.128005
0.6965203296711192 0.128505
0.6958925808170049 0.129005
0.6952659107138146 0.129505
0.6946403120860177 0.130005
0.6940157777832902 0.130505
0.693392300778305 0.131005
0.6927698741646933 0.131505
0.6921484911546688 0.132005
0.6915281450770027 0.132505
0.6909088293750585 0.133005
0.6902905376044711 0.133505
0.6896732634313354 0.134005
0.6890570006301676 0.134505
0.6884417430819119 0.13500500000000001
0.6878274847720387 0.13550500000000001
0.6872142197886368 0.13600500000000001
0.6866019423206404 0.13650500000000002
0.685990646655869 0.13700500000000002
0.6853803271792656 0.13750500000000002
0.6847709783711939 0.13800500000000002
0.6841625948056642 0.13850500000000002
0.6835551711485814 0.13900500000000002
0.6829487021561137 0.13950500000000002
0.6823431826730117 0.14000500000000002
0.68173860763105 0.14050500000000002
0.6811349720472774 0.14100500000000002
0.6805322710226404 0.14150500000000002
0.6799304997402701 0.14200500000000002
0.6793296534640716 0.14250500000000002
0.6787297275372771 0.14300500000000002
0.6781307173807246 0.14350500000000002
0.6775326184917928 0.14400500000000002
0.6769354264426226 0.14450500000000002
0.6763391368790045 0.14500500000000002
0.6757437455188904 0.14550500000000002
0.6751492481510472 0.14600500000000002
0.6745556406336958 0.14650500000000002
0.673962918893361 0.14700500000000002
0.673371078923477 0.14750500000000002
0.6727801167831011 0.14800500000000003
0.6721900285958472 0.14850500000000003
0.6716008105485478 0.149005
0.6710124588900013 0.149505
0.6704249699300183 0.150005
0.6698383400381676 0.150505
0.6692525656424908 0.151005
0.6686676432287327 0.151505
0.6680835693389252 0.152005
0.6675003405705302 0.152505
0.6669179535752869 0.153005
0.6663364050582958 0.153505
0.6657556917768308 0.154005
0.665175810539506 0.154505
0.6645967582052333 0.155005
0.6640185316822504 0.155505
0.663441127927202 0.156005
0.6628645439442515 0.156505
0.6622887767840753 0.157005
0.6617138235430787 0.157505
0.6611396813624493 0.158005
0.6605663474273286 0.158505
0.6599938189659269 0.159005
0.6594220932487744 0.159505
0.6588511675878268 0.160005
0.6582810393357561 0.160505
0.6577117058850084 0.161005
0.6571431646672028 0.161505
0.6565754131522861 0.162005
0.6560084488478347 0.162505
0.6554422692982176 0.163005
0.6548768720840573 0.163505
0.654312254821362 0.164005
0.6537484151609368 0.164505
0.653185350787685 0.165005
0.6526230594198534 0.165505
0.6520615388085391 0.166005
0.6515007867369272 0.16650500000000001
0.6509408010196852 0.16700500000000001
0.6503815795023851 0.16750500000000001
0.6498231200608717 0.16800500000000002
0.6492654206006176 0.16850500000000002
0.6487084790562131 0.16900500000000002
0.6481522933907805 0.16950500000000002
0.6475968615953615 0.17000500000000002
0.6470421816884339 0.17050500000000002
0.6464882517152915 0.17100500000000002
0.6459350697475943 0.17150500000000002
0.6453826338827165 0.17200500000000002
0.6448309422434455 0.17250500000000002
0.6442799929772461 0.17300500000000002
0.643729784255926 0.17350500000000002
0.6431803142750677 0.17400500000000002
0.6426315812536182 0.17450500000000002
0.6420835834333462 0.17500500000000002
0.6415363190784361 0.17550500000000002
0.6409897864750143 0.17600500000000002
0.640443983930757 0.17650500000000002
0.6398989097743512 0.17700500000000002
0.6393545623552028 0.17750500000000002
0.6388109400428849 0.17800500000000002
0.6382680412268478 0.17850500000000002
0.6377258643159323 0.17900500000000003
0.6371844077380084 0.17950500000000003
0.6366436699396163 0.18000500000000003
0.636103649385526 0.18050500000000003
0.6355643445584144 0.18100500000000003
0.6350257539584827 0.18150500000000003
0.6344878761030572 0.18200500000000003
0.6339507095263469 0.18250500000000003
0.6334142527789642 0.18300500000000003
0.6328785044276793 0.183505
0.6323434630550783 0.184005
0.6318091272591727 0.184505
0.6312754956531722 0.185005
0.6307425668650739 0.185505
0.6302103395374711 0.186005
0.6296788123271546 0.186505
0.6291479839047898 0.187005
0.6286178529547799 0.187505
0.6280884181748394 0.188005
0.6275596782757676 0.188505
0.6270316319811656 0.189005
0.6265042780271743 0.189505
0.625977615162185 0.190005
0.6254516421466435 0.190505
0.6249263577527631 0.191005
0.6244017607641712 0.191505
0.6238778499758689 0.192005
0.6233546241938843 0.192505
0.6228320822349414 0.193005
0.6223102229264708 0.193505
0.6217890451061091 0.194005
0.6212685476216963 0.194505
0.6207487293309407 0.195005
0.6202295891012531 0.195505
0.6197111258094853 0.196005
0.6191933383418493 0.196505
0.6186762255935585 0.197005
0.6181597864687299 0.19750500000000001
0.6176440198802103 0.19800500000000001
0.6171289247492449 0.19850500000000001
0.6166145000054924 0.19900500000000002
0.6161007445866895 0.19950500000000002
0.6155876574385729 0.20000500000000002
0.6150752375146223 0.20050500000000002
0.6145634837759184 0.20100500000000002
0.6140523951910108 0.20150500000000002
0.6135419707357629 0.20200500000000002
0.6130322093930696 0.20250500000000002
0.6125231101528714 0.20300500000000002
0.6120146720118295 0.20350500000000002
0.6115068939733767 0.20400500000000002
0.6109997750473231 0.20450500000000002
0.6104933142499147 0.20500500000000002
0.6099875106036184 0.20550500000000002
0.6094823631369616 0.20600500000000002
0.6089778708844421 0.20650500000000002
0.6084740328862976 0.20700500000000002
0.6079708481885501 0.20750500000000002
0.6074683158426448 0.20800500000000002
0.6069664349056024 0.20850500000000002
0.6064652044395876 0.20900500000000002
0.6059646235120305 0.20950500000000002
0.6054646911954321 0.21000500000000002
0.6049654065672138 0.21050500000000003
0.6044667687096482 0.21100500000000003
0.6039687767096835 0.21150500000000003
0.6034714296589047 0.21200500000000003
0.6029747266534389 0.21250500000000003
0.6024786667937718 0.21300500000000003
0.6019832491846969 0.21350500000000003
0.6014884729352168 0.21400500000000003
0.6009943371584082 0.21450500000000003
0.6005008409713893 0.21500500000000003
0.6000079834951924 0.21550500000000003
0.5995157638545839 0.21600500000000003
0.5990241811781916 0.21650500000000003
0.5985332345981802 0.21700500000000003
0.5980429232503301 0.21750500000000003
0.59755324627386 0.218005
0.59706420281138 0.218505
0.5965757920088197 0.219005
0.5960880130153202 0.219505
0.5956008649831912 0.220005
0.5951143470678142 0.220505
0.5946284584275445 0.221005
0.5941431982236998 0.221505
0.5936585656204539 0.222005
0.5931745597847511 0.222505
0.5926911798862642 0.223005
0.5922084250973041 0.223505
0.5917262945927999 0.224005
0.5912447875502189 0.224505
0.5907639031494053 0.225005
0.5902836405726949 0.225505
0.5898039990047534 0.226005
0.5893249776325274 0.226505
0.5888465756451298 0.227005
0.5883687922339358 0.227505
0.5878916265924222 0.228005
0.5874150779160702 0.228505
0.5869391454024458 0.22900500000000001
0.5864638282510529 0.22950500000000001
0.5859891256633097 0.23000500000000001
0.5855150368425094 0.23050500000000002
0.5850415609937308 0.23100500000000002
0.5845686973238914 0.23150500000000002
0.5840964450415836 0.23200500000000002
0.5836248033570816 0.23250500000000002
0.5831537714823535 0.23300500000000002
0.5826833486309403 0.23350500000000002
0.5822135340178761 0.23400500000000002
0.5817443268598594 0.23450500000000002
0.5812757263749243 0.23500500000000002
0.5808077317826251 0.23550500000000002
0.5803403423039055 0.23600500000000002
0.5798735571610809 0.23650500000000002
0.5794073755778025 0.23700500000000002
0.5789417967789983 0.23750500000000002
0.5784768199909246 0.23800500000000002
0.5780124444409549 0.23850500000000002
0.577548669357798 0.23900500000000002
0.577085493971245 0.23950500000000002
0.5766229175122529 0.24000500000000002
0.5761609392129007 0.24050500000000002
0.575699558306337 0.24100500000000002
0.5752387740267463 0.24150500000000003
0.5747785856093802 0.24200500000000003
0.5743189922904474 0.24250500000000003
0.5738599933071735 0.24300500000000003
0.5734015878977068 0.24350500000000003
0.5729437753010833 0.24400500000000003
0.5724865547573335 0.24450500000000003
0.5720299255072687 0.24500500000000003
0.5715738867926056 0.24550500000000003
0.5711184378558879 0.24600500000000003
0.5706635779404551 0.24650500000000003
0.5702093062904476 0.24700500000000003
0.5697556221507722 0.24750500000000003
0.5693025247670854 0.24800500000000003
0.5688500133857647 0.24850500000000003
0.5683980872539252 0.24900500000000003
0.5679467456193509 0.24950500000000003
0.5674959877305097 0.25000500000000003
0.5670458128365262 0.25050500000000003
0.5665962201871745 0.25100500000000003
0.5661472090328623 0.25150500000000003
0.5656987786245811 0.25200500000000003
0.5652509282139454 0.25250500000000003
0.5648036570531311 0.25300500000000004
0.5643569643949093 0.25350500000000004
0.5639108494925765 0.25400500000000004
0.5634653115999883 0.25450500000000004
0.5630203499714859 0.25500500000000004
0.5625759638620161 0.25550500000000004
0.5621321525269407 0.25600500000000004
0.561688915222138 0.25650500000000004
0.5612462512039714 0.25700500000000004
0.5608041597292772 0.25750500000000004
0.5603626400553793 0.25800500000000004
0.5599216914399896 0.25850500000000004
0.5594813131412856 0.25900500000000004
0.5590415044178781 0.25950500000000004
0.5586022645287901 0.26000500000000004
0.5581635927334878 0.26050500000000004
0.5577254882917968 0.26100500000000004
0.5572879504639886 0.26150500000000004
0.5568509785106357 0.26200500000000004
0.5564145716927664 0.26250500000000004
0.5559787292717687 0.26300500000000004
0.5555434505093889 0.26350500000000004
0.5551087346677266 0.26400500000000005
0.5546745810092466 0.26450500000000005
0.5542409887967341 0.26500500000000005
0.5538079572933513 0.26550500000000005
0.5533754857625901 0.26600500000000005
0.5529435734682167 0.26650500000000005
0.5525122196744019 0.26700500000000005
0.5520814236456313 0.26750500000000005
0.5516511846466168 0.26800500000000005
0.5512215019424749 0.26850500000000005
0.5507923747986068 0.26900500000000005
0.5503638024806908 0.269505
0.5499357842547483 0.270005
0.5495083193870391 0.270505
0.5490814071441982 0.271005
0.5486550467930732 0.271505
0.5482292376008334 0.272005
0.5478039788349187 0.272505
0.5473792697631112 0.273005
0.5469551096533943 0.273505
0.5465314977740553 0.274005
0.5461084333937115 0.274505
0.5456859157811665 0.275005
0.5452639442055688 0.275505
0.5448425179363016 0.276005
0.5444216362430361 0.276505
0.5440012983957084 0.277005
0.5435815036645347 0.277505
0.543162251319974 0.278005
0.5427435406327634 0.278505
0.5423253708739534 0.279005
0.5419077413147894 0.279505
0.5414906512268152 0.280005
0.5410740998818571 0.280505
0.5406580865519982 0.281005
0.5402426105095856 0.281505
0.5398276710272297 0.282005
0.5394132673777883 0.282505
0.538999398834457 0.283005
0.5385860646706464 0.283505
0.5381732641600432 0.284005
0.5377609965766025 0.284505
0.5373492611945837 0.285005
0.5369380572884875 0.285505
0.5365273841331055 0.286005
0.5361172410034569 0.286505
0.5357076271749143 0.287005
0.5352985419230862 0.287505
0.5348899845238776 0.288005
0.5344819542534497 0.288505
0.5340744503882624 0.289005
0.5336674722050724 0.289505
0.5332610189809155 0.290005
0.5328550899931035 0.290505
0.5324496845192613 0.291005
0.5320448018372744 0.291505
0.53164044122535 0.292005
0.5312366019620022 0.292505
0.530833283326043 0.293005
0.5304304845965098 0.293505
0.5300282050528713 0.294005
0.5296264439748085 0.294505
0.5292252006423628 0.295005
0.5288244743358574 0.295505
0.5284242643359339 0.296005
0.5280245699235608 0.296505
0.5276253903800349 0.297005
0.5272267249869657 0.297505
0.5268285730262567 0.298005
0.5264309337802014 0.298505
0.5260338065313964 0.299005
0.5256371905627294 0.299505
0.5252410851575126 0.300005
0.5248454895993333 0.300505
0.5244504031721268 0.301005
0.5240558251601934 0.301505
0.523661754848192 0.302005
0.5232681915211082 0.302505
0.5228751344643066 0.303005
0.522482582963458 0.303505
0.5220905363046809 0.304005
0.5216989937743706 0.304505
0.5213079546593734 0.305005
0.520917418246842 0.305505
0.5205273838243671 0.306005
0.5201378506798279 0.306505
0.5197488181015697 0.30700500000000003
0.5193602853782919 0.30750500000000003
0.5189722517990698 0.30800500000000003
0.5185847166533917 0.30850500000000003
0.518197679231111 0.30900500000000003
0.517811138822532 0.30950500000000003
0.5174250947182985 0.31000500000000003
0.5170395462095386 0.31050500000000003
0.5166544925876783 0.31100500000000003
0.5162699331446708 0.31150500000000003
0.5158858671728218 0.31200500000000003
0.5155022939648602 0.31250500000000003
0.5151192128139532 0.31300500000000003
0.5147366230136904 0.31350500000000003
0.5143545238580646 0.31400500000000003
0.5139729146415786 0.31450500000000003
0.5135917946590739 0.31500500000000003
0.5132111632058918 0.31550500000000004
0.512831019577829 0.31600500000000004
0.5124513630710815 0.31650500000000004
0.5120721929823213 0.31700500000000004
0.5116935086086704 0.31750500000000004
0.5113153092477352 0.31800500000000004
0.5109375941975565 0.31850500000000004
0.5105603627566184 0.31900500000000004
0.5101836142239287 0.31950500000000004
0.5098073478989187 0.32000500000000004
0.5094315630815437 0.32050500000000004
0.5090562590721894 0.32100500000000004
0.5086814351717497 0.32150500000000004
0.5083070906816098 0.32200500000000004
0.5079332249036054 0.32250500000000004
0.5075598371401356 0.32300500000000004
0.5071869266940341 0.32350500000000004
0.5068144928686603 0.32400500000000004
0.5064425349678715 0.32450500000000004
0.5060710522960258 0.32500500000000004
0.5057000441580265 0.32550500000000004
0.505329509859239 0.32600500000000004
0.5049594487055714 0.32650500000000005
0.5045898600034701 0.32700500000000005
0.5042207430598761 0.32750500000000005
0.5038520971822746 0.32800500000000005
0.5034839216786525 0.32850500000000005
0.5031162158575927 0.32900500000000005
0.5027489790281607 0.32950500000000005
0.5023822104999769 0.33000500000000005
0.5020159095832099 0.33050500000000005
0.5016500755885791 0.33100500000000005
0.501284707827359 0.33150500000000005
0.500919805611352 0.33200500000000005
0.5005553682529342 0.33250500000000005
0.5001913950650729 0.33300500000000005
0.49982788536124445 0.33350500000000005
0.49946483845552775 0.33400500000000005
0.49910225366256955 0.33450500000000005
0.49874013029756126 0.33500500000000005
0.4983784676763216 0.33550500000000005
0.4980172651152031 0.33600500000000005
0.49765652193115995 0.33650500000000005
0.4972962374417372 0.33700500000000005
0.49693641096505703 0.33750500000000005
0.49657704181983464 0.33800500000000006
0.49621812932542697 0.338505
0.49585967280167764 0.339005
0.49550167156915775 0.339505
0.49514412494897575 0.340005
0.4947870322628513 0.340505
0.49443039283312434 0.341005
0.49407420598276547 0.341505
0.49371847103531047 0.342005
0.49336318731497947 0.342505
0.4930083541465505 0.343005
0.4926539708554888 0.343505
0.4923000367678361 0.344005
0.4919465512102988 0.344505
0.4915935135102015 0.345005
0.4912409229954999 0.345505
0.4908887789948073 0.346005
0.49053708083737285 0.346505
0.4901858278530683 0.347005
0.48983501937244683 0.347505
0.48948465472669767 0.348005
0.489134733247646 0.348505
0.48878525426779856 0.349005
0.4884362171203055 0.349505
0.48808762113898463 0.350005
0.4877394656583109 0.350505
0.4873917500134375 0.351005
0.4870444735401724 0.351505
0.48669763557499485 0.352005
0.4863512354550664 0.352505
0.48600527251821946 0.353005
0.4856597461029725 0.353505
0.4853146555485076 0.354005
0.4849700001947149 0.354505
0.4846257793821356 0.355005
0.48428199245204806 0.355505
0.48393863874638765 0.356005
0.4835957176077693 0.356505
0.4832532283795445 0.357005
0.48291117040572396 0.357505
0.4825695430310509 0.358005
0.4822283456009485 0.358505
0.48188757746155425 0.359005
0.48154723795967985 0.359505
0.481207326442922 0.360005
0.48086784225950713 0.360505
0.4805287847584219 0.361005
0.48019015328936737 0.361505
0.47985194720271507 0.362005
0.4795141658496284 0.362505
0.4791768085819272 0.363005
0.47883987475219114 0.363505
0.4785033637137297 0.364005
0.4781672748205522 0.364505
0.47783160742741676 0.365005
0.47749636088980935 0.365505
0.47716153456394805 0.366005
0.4768271278067929 0.366505
0.4764931399760252 0.367005
0.4761595704300842 0.367505
0.47582641852813595 0.368005
0.47549368363010575 0.368505
0.4751613650966314 0.369005
0.4748294622891573 0.36950500000000003
0.47449797456980497 0.37000500000000003
0.47416690130148226 0.37050500000000003
0.4738362418478671 0.37100500000000003
0.4735059955733482 0.37150500000000003
0.47317616184310257 0.37200500000000003
0.47284674002305904 0.37250500000000003
0.4725177294798835 0.37300500000000003
0.4721891295810247 0.37350500000000003
0.4718609396946687 0.37400500000000003
0.47153315918981015 0.37450500000000003
0.4712057874361604 0.37500500000000003
0.4708788238042308 0.37550500000000003
0.4705522676652672 0.37600500000000003
0.4702261183913196 0.37650500000000003
0.46990037535520496 0.37700500000000003
0.4695750379304676 0.37750500000000003
0.46925010549149027 0.37800500000000004
0.4689255774133902 0.37850500000000004
0.4686014530720585 0.37900500000000004
0.46827773184420407 0.37950500000000004
0.4679544131072815 0.38000500000000004
0.4676314962395131 0.38050500000000004
0.46730898061995546 0.38100500000000004
0.46698686562840114 0.38150500000000004
0.46666515064542663 0.38200500000000004
0.46634383505245286 0.38250500000000004
0.4660229182316131 0.38300500000000004
0.4657023995658625 0.38350500000000004
0.4653822784389808 0.38400500000000004
0.4650625542354611 0.38450500000000004
0.46474322634065635 0.38500500000000004
0.4644242941406855 0.38550500000000004
0.46410575702244616 0.38600500000000004
0.46378761437369137 0.38650500000000004
0.4634698655828924 0.38700500000000004
0.4631525100393774 0.38750500000000004
0.46283554713321956 0.38800500000000004
0.4625189762553605 0.38850500000000004
0.46220279679748544 0.38900500000000005
0.4618870081521026 0.38950500000000005
0.46157160971253636 0.39000500000000005
0.461256600872885 0.39050500000000005
0.46094198102807676 0.39100500000000005
0.46062774957383434 0.39150500000000005
0.4603139059066772 0.39200500000000005
0.4600004494239807 0.39250500000000005
0.4596873795238401 0.39300500000000005
0.4593746956052641 0.39350500000000005
0.45906239706797947 0.39400500000000005
0.45875048331258894 0.39450500000000005
0.4584389537404819 0.39500500000000005
0.4581278077538381 0.39550500000000005
0.4578170447556986 0.39600500000000005
0.4575066641498887 0.39650500000000005
0.4571966653410515 0.39700500000000005
0.45688704773464905 0.39750500000000005
0.4565778107369648 0.39800500000000005
0.45626895375506626 0.39850500000000005
0.4559604761968973 0.39900500000000005
0.4556523774711907 0.39950500000000005
0.4553446569874662 0.40000500000000005
0.45503731415611465 0.40050500000000006
0.45473034838833865 0.40100500000000006
0.45442375909612237 0.40150500000000006
0.45411754569232005 0.40200500000000006
0.4538117075905608 0.40250500000000006
0.45350624420536706 0.40300500000000006
0.45320115495200347 0.40350500000000006
0.4528964392465973 0.40400500000000006
0.45259209650610666 0.40450500000000006
0.4522881261483226 0.40500500000000006
0.4519845275918214 0.40550500000000006
0.4516813002560238 0.40600500000000006
0.45137844356120305 0.40650500000000006
0.4510759569284346 0.407005
0.45077383977959223 0.407505
0.4504720915374578 0.408005
0.45017071162556127 0.408505
0.4498696994682899 0.409005
0.4495690544908735 0.409505
0.44926877611934524 0.410005
0.4489688637806059 0.410505
0.44866931690235 0.411005
0.4483701349130946 0.411505
0.44807131724222854 0.412005
0.44777286331993804 0.412505
0.44747477257725 0.413005
0.44717704444603995 0.413505
0.4468796783589772 0.414005
0.44658267374958494 0.414505
0.44628603005224 0.415005
0.4459897467020854 0.415505
0.44569382313517547 0.416005
0.4453982587883334 0.416505
0.44510305309927295 0.417005
0.44480820550648303 0.417505
0.44451371544932605 0.418005
0.44421958236795717 0.418505
0.443925805703411 0.419005
0.4436323848975486 0.419505
0.44333931939300664 0.420005
0.4430466086333404 0.420505
0.4427542520628672 0.421005
0.4424622491267871 0.421505
0.442170599271101 0.422005
0.4418793019426715 0.422505
0.44158835658915285 0.423005
0.4412977626590868 0.423505
0.44100751960180695 0.424005
0.44071762686748445 0.424505
0.44042808390715477 0.425005
0.44013889017265806 0.425505
0.4398500451166702 0.426005
0.4395615481926932 0.426505
0.43927339885509964 0.427005
0.43898559655904984 0.427505
0.4386981407605728 0.428005
0.43841103091651906 0.428505
0.43812426648454916 0.429005
0.4378378469231775 0.429505
0.43755177169176124 0.430005
0.43726604025046456 0.430505
0.4369806520603089 0.431005
0.4366956065831264 0.431505
0.4364109032815927 0.43200500000000003
0.43612654161921827 0.43250500000000003
0.4358425210603249 0.43300500000000003
0.4355588410700883 0.43350500000000003
0.435275501114504 0.43400500000000003
0.43499250066041845 0.43450500000000003
0.434709839175454 0.43500500000000003
0.4344275161281423 0.43550500000000003
0.43414553098777453 0.43600500000000003
0.4338638832245281 0.43650500000000003
0.4335825723093471 0.43700500000000003
0.43330159771405996 0.43750500000000003
0.43302095891130593 0.43800500000000003
0.43274065537454826 0.43850500000000003
0.4324606865780854 0.43900500000000003
0.43218105199703655 0.43950500000000003
0.4319017511073355 0.44000500000000003
0.431622783385776 0.44050500000000004
0.4313441483099645 0.44100500000000004
0.43106584535833303 0.44150500000000004
0.4307878740101197 0.44200500000000004
0.4305102337454403 0.44250500000000004
0.43023292404516555 0.44300500000000004
0.42995594439105983 0.44350500000000004
0.42967929426565704 0.44400500000000004
0.42940297315234355 0.44450500000000004
0.4291269805353391 0.44500500000000004
0.42885131589967673 0.44550500000000004
0.4285759787311858 0.44600500000000004
0.42830096851654986 0.44650500000000004
0.4280262847432685 0.44700500000000004
0.42775192689966124 0.44750500000000004
0.4274778944748607 0.44800500000000004
0.42720418695884116 0.44850500000000004
0.4269308038423653 0.44900500000000004
0.4266577446170504 0.44950500000000004
0.42638500877529384 0.45000500000000004
0.4261125958103529 0.45050500000000004
0.4258405052162856 0.45100500000000004
0.4255687364879291 0.45150500000000005
0.425297289121025 0.45200500000000005
0.42502616261204507 0.45250500000000005
0.42475535645832674 0.45300500000000005
0.4244848701580126 0.45350500000000005
0.42421470321002763 0.45400500000000005
0.42394485511416363 0.45450500000000005
0.42367532537101127 0.45500500000000005
0.42340611348194834 0.45550500000000005
0.4231372189491911 0.45600500000000005
0.42286864127574236 0.45650500000000005
0.42260037996544486 0.45700500000000005
0.42233243452296343 0.45750500000000005
0.42206480445370737 0.45800500000000005
0.42179748926395444 0.45850500000000005
0.4215304884607756 0.45900500000000005
0.42126380155207094 0.45950500000000005
0.42099742804649104 0.46000500000000005
0.42073136745355205 0.46050500000000005
0.42046561928355525 0.46100500000000005
0.42020018304758233 0.46150500000000005
0.4199350582575782 0.46200500000000005
0.4196702444262335 0.46250500000000005
0.4194057410670812 0.46300500000000006
0.41914154769442574 0.46350500000000006
0.4188776638233982 0.46400500000000006
0.418614088969946 0.46450500000000006
0.4183508226507793 0.46500500000000006
0.4180878643834104 0.46550500000000006
0.41782521368618847 0.46600500000000006
0.4175628700782384 0.46650500000000006
0.41730083307948423 0.46700500000000006
0.4170391022106206 0.46750500000000006
0.41677767699321494 0.46800500000000006
0.41651655694955214 0.46850500000000006
0.4162557416027398 0.46900500000000006
0.41599523047669584 0.46950500000000006
0.41573502309610444 0.47000500000000006
0.4154751189864667 0.47050500000000006
0.41521551767406367 0.47100500000000006
0.4149562186859707 0.47150500000000006
0.41469722155004385 0.47200500000000006
0.4144385257949625 0.47250500000000006
0.41418013095015566 0.47300500000000006
0.41392203654585824 0.47350500000000006
0.41366424211308317 0.47400500000000007
0.41340674718365794 0.47450500000000007
0.41314955129017367 0.47500500000000007
0.41289265396599006 0.47550500000000007
0.41263605474528775 0.476005
0.41237975316300873 0.476505
0.412123748754893 0.477005
0.4118680410574411 0.477505
0.4116126296079514 0.478005
0.41135751394450065 0.478505
0.41110269360593 0.479005
0.4108481681318994 0.479505
0.410593937062775 0.480005
0.41033999993978587 0.480505
0.41008635630490153 0.481005
0.40983300570080766 0.481505
0.4095799476710646 0.482005
0.409327181759952 0.482505
0.4090747075124976 0.483005
0.40882252447459466 0.483505
0.4085706321927815 0.484005
0.40831903021447924 0.484505
0.4080677180878022 0.485005
0.40781669536166987 0.485505
0.40756596158576297 0.486005
0.40731551631053053 0.486505
0.4070653590871637 0.487005
0.40681548946765483 0.487505
0.40656590700476436 0.488005
0.4063166112519505 0.488505
0.40606760176350876 0.489005
0.40581887809446554 0.489505
0.40557043980058566 0.490005
0.40532228643844537 0.490505
0.40507441756531837 0.491005
0.40482683273930414 0.491505
0.4045795315192043 0.492005
0.40433251346456983 0.492505
0.4040857781357598 0.493005
0.40383932509386056 0.493505
0.40359315390069966 0.494005
0.4033472641188641 0.49450500000000003
0.40310165531170156 0.49500500000000003
0.40285632704328866 0.49550500000000003
0.4026112788785055 0.49600500000000003
0.40236651038289084 0.49650500000000003
0.4021220211228123 0.49700500000000003
0.40187781066532274 0.49750500000000003
0.4016338785782838 0.49800500000000003
0.40139022443025885 0.49850500000000003
0.4011468477905411 0.49900500000000003
0.40090374822922153 0.49950500000000003
