1.432152256513873 5e-06
1.3812372575919727 0.001005
1.334551766858991 0.0020050000000000003
1.2913067561435283 0.0030050000000000003
1.2510151954982018 0.004005000000000001
1.2133157993476387 0.005005000000000001
1.1779231673362653 0.006005000000000001
1.1446034457130772 0.007005000000000001
1.113160296656785 0.008005
1.0834259669208217 0.009005
1.0552552090076681 0.010005
1.0285209381104625 0.011005000000000001
1.003111012538836 0.012005000000000002
0.9789257766556912 0.013005000000000001
0.9558761412046032 0.014005000000000002
0.9338820541782513 0.015005000000000001
0.9128712628400872 0.016005000000000002
0.8927782975354542 0.017005000000000003
0.8735436275983174 0.018005
0.8551129529437583 0.019005
0.837436604145942 0.020005000000000002
0.8204690303252229 0.021005000000000003
0.8041683588912221 0.022005
0.7884960146617344 0.023005
0.7734163884758878 0.024005000000000002
0.7588965473925059 0.025005000000000003
0.74490598007594 0.026005000000000004
0.7314163721531611 0.027005
0.7184014072461253 0.028005000000000002
0.7058365901223255 0.029005000000000003
0.6936990889905768 0.030005000000000004
0.6819675944463379 0.031005
0.6706221929552956 0.032005000000000006
0.6596442530828193 0.033005
0.6490163229359872 0.034005
0.6387220375038739 0.035005
0.628746034762098 0.036005
0.6190738795599251 0.037005
0.6096919944381385 0.038005000000000004
0.6005875966328477 0.039005000000000005
0.5917486406153111 0.040005000000000006
0.5831637655963865 0.04100500000000001
0.5748222474929725 0.042005
0.5667139549124595 0.043005
0.5588293087630902 0.044005
0.551159245140234 0.045005
0.5436951811809585 0.046005000000000004
0.5364289836085266 0.047005000000000005
0.5293529397217558 0.048005000000000006
0.5224597306075864 0.04900500000000001
0.5157424063793743 0.050005
0.5091943632632305 0.051005
0.5028093223725244 0.052005
0.49658131002610206 0.053005000000000004
0.4905046394803467 0.054005000000000004
0.48457389395804956 0.055005000000000005
0.47878391086658595 0.056005000000000006
0.4731297671100244 0.05700500000000001
0.4676067654066636 0.05800500000000001
0.4622104215330179 0.059005
0.4569364524215372 0.060005
0.45178076504603537 0.061005000000000004
0.44673944603495924 0.062005000000000005
0.441808751956657 0.063005
0.4369851002276172 0.064005
0.43226506059636066 0.06500500000000001
0.42764534716190755 0.06600500000000001
0.4231228108875537 0.06700500000000001
0.4186944325745078 0.06800500000000001
0.41435731626302014 0.06900500000000001
0.4101086830308588 0.07000500000000001
0.4059458651615054 0.07100500000000001
0.40186630065669465 0.072005
0.39786752806997816 0.073005
0.3939471816391609 0.074005
0.39010298669834775 0.075005
0.38633275535067363 0.076005
0.3826343823842441 0.077005
0.3790058414167991 0.078005
0.37544518125252846 0.079005
0.37195052243924714 0.080005
0.36852005401221893 0.08100500000000001
0.3651520304130301 0.08200500000000001
0.3618447685732461 0.08300500000000001
0.3585966451519172 0.08400500000000001
0.3554060939182683 0.08500500000000001
0.3522716032700816 0.08600500000000001
0.34919171388032594 0.08700500000000001
0.3461650164638702 0.08800500000000001
0.34319014965743205 0.089005
0.3402657980061799 0.090005
0.3373906900506952 0.091005
0.3345635965083861 0.092005
0.3317833285443823 0.093005
0.3290487361264448 0.094005
0.32635870645926873 0.095005
0.32371216249380724 0.09600500000000001
0.32110806150753884 0.09700500000000001
0.31854539375163105 0.09800500000000001
0.3160231811613171 0.09900500000000001
0.3135404761263414 0.10000500000000001
0.3110963603180701 0.10100500000000001
0.30868994357004453 0.10200500000000001
0.30632036280959823 0.10300500000000001
0.3039867810376246 0.10400500000000001
0.30168838635373924 0.10500500000000001
0.29942439102505075 0.106005
0.29719403059582256 0.107005
0.29499656303618893 0.108005
0.29283126792774 0.109005
0.2906974456844573 0.110005
0.28859441680683834 0.111005
0.28652152116789587 0.11200500000000001
0.2844781173293397 0.11300500000000001
0.282463581886287 0.11400500000000001
0.2804773088395457 0.11500500000000001
0.27851870899360115 0.11600500000000001
0.27658720937964765 0.11700500000000001
0.2746822527019639 0.11800500000000001
0.272803296806811 0.11900500000000001
0.2709498141727783 0.12000500000000001
0.26912129142154084 0.12100500000000002
0.2673172288479692 0.12200500000000002
0.26553713996895784 0.123005
0.26378055108987014 0.124005
0.26204700088790855 0.125005
0.26033604001163374 0.126005
0.25864723069598244 0.127005
0.2569801463919184 0.128005
0.2553343714101975 0.129005
0.2537095005786595 0.130005
0.2521051389123102 0.131005
0.2505209012957864 0.132005
0.24895641217756906 0.133005
0.2474113052754651 0.134005
0.2458852232929351 0.13500500000000001
0.24437781764568195 0.13600500000000001
0.24288874819823833 0.13700500000000002
0.24141768300994426 0.13800500000000002
0.2399642980900959 0.13900500000000002
0.2385282771617465 0.14000500000000002
0.23710931143391628 0.14100500000000002
0.23570709938176312 0.14200500000000002
0.23432134653443645 0.14300500000000002
0.23295176527047506 0.14400500000000002
0.23159807461993778 0.14500500000000002
0.23026000007371497 0.14600500000000002
0.22893727339908743 0.14700500000000002
0.22762963246166318 0.14800500000000003
0.22633682105336672 0.149005
0.22505858872609252 0.150005
0.22379469063104585 0.151005
0.2225448873633511 0.152005
0.22130894481182353 0.153005
0.2200866340136402 0.154005
0.2188777310138384 0.155005
0.21768201672937074 0.156005
0.21649927681744344 0.157005
0.21532930154826013 0.158005
0.2141718856817353 0.159005
0.21302682834819153 0.160005
0.2118939329327228 0.161005
0.21077300696341264 0.162005
0.20966386200280995 0.163005
0.20856631354300917 0.164005
0.2074801809037973 0.165005
0.20640528713413064 0.166005
0.20534145891646624 0.16700500000000001
0.20428852647412662 0.16800500000000002
0.20324632348148453 0.16900500000000002
0.20221468697674858 0.17000500000000002
0.20119345727752438 0.17100500000000002
0.2001824778988323 0.17200500000000002
0.19918159547355369 0.17300500000000002
0.1981906596752734 0.17400500000000002
0.1972095231433469 0.17500500000000002
0.19623804141026055 0.17600500000000002
0.1952760728310612 0.17700500000000002
0.1943234785147668 0.17800500000000002
0.19338012225794107 0.17900500000000003
0.19244587047994846 0.18000500000000003
0.19152059216034947 0.18100500000000003
0.19060415877780326 0.18200500000000003
0.18969644425087911 0.18300500000000003
0.18879732488050147 0.184005
0.1879066792939855 0.185005
0.18702438839064608 0.186005
0.18615033528901762 0.187005
0.18528440527536988 0.188005
0.18442648575380208 0.189005
0.18357646619757245 0.190005
0.18273423810196318 0.191005
0.18189969493811448 0.192005
0.18107273210849778 0.193005
0.18025324690321023 0.194005
0.17944113845777648 0.195005
0.17863630771180408 0.196005
0.17783865736897234 0.197005
0.17704809185792109 0.19800500000000001
0.17626451729420353 0.19900500000000002
0.1754878414433263 0.20000500000000002
0.17471797368467207 0.20100500000000002
0.17395482497637335 0.20200500000000002
0.17319830782112675 0.20300500000000002
0.17244833623289882 0.20400500000000002
0.1717048257044095 0.20500500000000002
0.1709676931755722 0.20600500000000002
0.17023685700263558 0.20700500000000002
0.16951223692815814 0.20800500000000002
0.1687937540517359 0.20900500000000002
0.16808133080149207 0.21000500000000002
0.16737489090620464 0.21100500000000003
0.16667435936821173 0.21200500000000003
0.16597966243698703 0.21300500000000003
0.1652907275832869 0.21400500000000003
0.16460748347406085 0.21500500000000003
0.1639298599478436 0.21600500000000003
0.16325778799092328 0.21700500000000003
0.1625911997138429 0.218005
0.1619300283287833 0.219005
0.16127420812714868 0.220005
0.16062367445804124 0.221005
0.15997836370698354 0.222005
0.1593382132752586 0.223005
0.15870316155974556 0.224005
0.1580731479332423 0.225005
0.15744811272519238 0.226005
0.15682799720293025 0.227005
0.15621274355331863 0.228005
0.15560229486486044 0.22900500000000001
0.15499659511018515 0.23000500000000001
0.15439558912899456 0.23100500000000002
0.15379922261129705 0.23200500000000002
0.15320744208117132 0.23300500000000002
0.15262019488076992 0.23400500000000002
0.15203742915479163 0.23500500000000002
0.15145909383524248 0.23600500000000002
0.15088513862654937 0.23700500000000002
0.1503155139910495 0.23800500000000002
0.1497501711347359 0.23900500000000002
0.1491890619934137 0.24000500000000002
0.1486321392190573 0.24100500000000002
0.1480793561666162 0.24200500000000003
0.14753066688092314 0.24300500000000003
0.14698602608409392 0.24400500000000003
0.1464453891630042 0.24500500000000003
0.14590871215723883 0.24600500000000003
0.145375951747142 0.24700500000000003
0.14484706524220037 0.24800500000000003
0.14432201056971738 0.24900500000000003
0.14380074626362413 0.25000500000000003
0.14328323145362987 0.25100500000000003
0.14276942585454772 0.25200500000000003
0.14225928975587926 0.25300500000000004
0.1417527840116071 0.25400500000000004
0.14124987003019887 0.25500500000000004
0.140750509764857 0.25600500000000004
0.14025466570389503 0.25700500000000004
0.13976230086142785 0.25800500000000004
0.13927337876816595 0.25900500000000004
0.1387878634624299 0.26000500000000004
0.13830571948136586 0.26100500000000004
0.1378269118523123 0.26200500000000004
0.1373514060843981 0.26300500000000004
0.13687916816025866 0.26400500000000005
0.136410164527937 0.26500500000000005
0.13594436209294827 0.26600500000000005
0.13548172821057228 0.26700500000000005
0.13502223067816507 0.26800500000000005
0.13456583772774303 0.26900500000000005
0.13411251801869556 0.270005
0.13366224063057378 0.271005
0.13321497505614274 0.272005
0.13277069119445606 0.273005
0.13232935934412413 0.274005
0.13189095019673433 0.275005
0.13145543483036598 0.276005
0.13102278470322973 0.277005
0.13059297164745434 0.278005
0.13016596786300905 0.279005
0.12974174591167284 0.280005
0.1293202787112284 0.281005
0.12890153952966352 0.282005
0.1284855019795468 0.283005
0.12807214001251202 0.284005
0.1276614279138074 0.285005
0.127253340296999 0.286005
0.12684785209871638 0.287005
0.12644493857356048 0.288005
0.12604457528908752 0.289005
0.12564673812085614 0.290005
0.12525140324758252 0.291005
0.12485854714643914 0.292005
0.12446814658835041 0.293005
0.12408017863345255 0.294005
0.12369462062660688 0.295005
0.12331145019296692 0.296005
0.1229306452337233 0.297005
0.12255218392177589 0.298005
0.1221760446976625 0.299005
0.12180220626540733 0.300005
0.12143064758852805 0.301005
0.12106134788609851 0.302005
0.12069428662889499 0.303005
0.12032944353557752 0.304005
0.11996679856896722 0.305005
0.1196063319324008 0.306005
0.11924802406610491 0.30700500000000003
0.11889185564368474 0.30800500000000003
0.11853780756866238 0.30900500000000003
0.11818586097105052 0.31000500000000003
0.11783599720400452 0.31100500000000003
0.11748819784056355 0.31200500000000003
0.11714244467039518 0.31300500000000003
0.11679871969661894 0.31400500000000003
0.11645700513270639 0.31500500000000003
0.11611728339941463 0.31600500000000004
0.11577953712177566 0.31700500000000004
0.11544374912612183 0.31800500000000004
0.11510990243720481 0.31900500000000004
0.11477798027532385 0.32000500000000004
0.11444796605354442 0.32100500000000004
0.11411984337488974 0.32200500000000004
0.11379359602967612 0.32300500000000004
0.11346920799284657 0.32400500000000004
0.11314666342129588 0.32500500000000004
0.11282594665137352 0.32600500000000004
0.11250704219629735 0.32700500000000005
0.1121899347436903 0.32800500000000005
0.11187460915310159 0.32900500000000005
0.11156105045366102 0.33000500000000005
0.11124924384163937 0.33100500000000005
0.11093917467818921 0.33200500000000005
0.11063082848700467 0.33300500000000005
0.11032419095210827 0.33400500000000005
0.1100192479156129 0.33500500000000005
0.10971598537557554 0.33600500000000005
0.10941438948382358 0.33700500000000005
0.10911444654387781 0.33800500000000006
0.10881614300885097 0.339005
0.10851946547945794 0.340005
0.10822440070196924 0.341005
0.10793093556626933 0.342005
0.1076390571038752 0.343005
0.10734875248609768 0.344005
0.10706000902209793 0.345005
0.10677281415707335 0.346005
0.10648715547044152 0.347005
0.10620302067404166 0.348005
0.10592039761036974 0.349005
0.10563927425088171 0.350005
0.10535963869424562 0.351005
0.10508147916467346 0.352005
0.104804784010305 0.353005
0.1045295417015423 0.354005
0.10425574082945406 0.355005
0.10398337010425109 0.356005
0.10371241835366439 0.357005
0.10344287452145415 0.358005
0.10317472766593265 0.359005
0.1029079669584391 0.360005
0.10264258168191714 0.361005
0.10237856122946493 0.362005
0.10211589510292458 0.363005
0.10185457291150285 0.364005
0.10159458437039534 0.365005
0.10133591929944838 0.366005
0.10107856762179908 0.367005
0.1008225193626165 0.368005
0.10056776464779119 0.369005
0.10031429370264282 0.37000500000000003
0.10006209685072326 0.37100500000000003
0.09981116451255123 0.37200500000000003
0.09956148720440602 0.37300500000000003
0.0993130555371328 0.37400500000000003
0.0990658602149807 0.37500500000000003
0.09881989203444244 0.37600500000000003
0.09857514188307696 0.37700500000000003
0.09833160073845523 0.37800500000000004
0.09808925966697996 0.37900500000000004
0.09784810982284192 0.38000500000000004
0.09760814244693672 0.38100500000000004
0.09736934886578275 0.38200500000000004
0.09713172049051702 0.38300500000000004
0.0968952488158114 0.38400500000000004
0.09665992541892285 0.38500500000000004
0.0964257419586422 0.38600500000000004
0.09619269017434974 0.38700500000000004
0.09596076188499653 0.38800500000000004
0.09572994898820589 0.38900500000000005
0.09550024345929631 0.39000500000000005
0.09527163735034425 0.39100500000000005
0.09504412278929003 0.39200500000000005
0.09481769197904172 0.39300500000000005
0.09459233719654281 0.39400500000000005
0.09436805079196289 0.39500500000000005
0.09414482518776154 0.39600500000000005
0.09392265287788056 0.39700500000000005
0.0937015264268926 0.39800500000000005
0.09348143846917042 0.39900500000000005
0.09326238170806259 0.40000500000000005
0.09304434891511887 0.40100500000000006
0.0928273329292569 0.40200500000000006
0.09261132665598537 0.40300500000000006
0.09239632306665851 0.40400500000000006
0.09218231519769722 0.40500500000000006
0.09196929614984278 0.40600500000000006
0.091757259087395 0.407005
0.09154619723751253 0.408005
0.091336103889474 0.409005
0.091126972393981 0.410005
0.0909187961624263 0.411005
0.09071156866626061 0.412005
0.09050528343624309 0.413005
0.09029993406182397 0.414005
0.09009551419043721 0.415005
0.08989201752688875 0.416005
0.08968943783267799 0.417005
0.08948776892536647 0.418005
0.08928700467796102 0.419005
0.08908713901829753 0.420005
0.08888816592841424 0.421005
0.0886900794439436 0.422005
0.08849287365353735 0.423005
0.08829654269826472 0.424005
0.08810108077105207 0.425005
0.08790648211607456 0.426005
0.08771274102822126 0.427005
0.08751985185253855 0.428005
0.08732780898366715 0.429005
0.08713660686528624 0.430005
0.08694623998962701 0.431005
0.086756702896893 0.43200500000000003
0.08656799017476195 0.43300500000000003
0.08638009645788457 0.43400500000000003
0.08619301642733163 0.43500500000000003
0.08600674481013705 0.43600500000000003
0.08582127637880065 0.43700500000000003
0.08563660595076106 0.43800500000000003
0.08545272838794656 0.43900500000000003
0.08526963859629992 0.44000500000000003
0.08508733152529122 0.44100500000000004
0.08490580216746897 0.44200500000000004
0.08472504555797498 0.44300500000000004
0.08454505677413018 0.44400500000000004
0.08436583093498462 0.44500500000000004
0.08418736320081968 0.44600500000000004
0.08400964877279114 0.44700500000000004
0.083832682892455 0.44800500000000004
0.08365646084133341 0.44900500000000004
0.08348097794054601 0.45000500000000004
0.08330622955033853 0.45100500000000004
0.08313221106972056 0.45200500000000005
0.08295891793600517 0.45300500000000005
0.08278634562448467 0.45400500000000005
0.08261448964798875 0.45500500000000005
0.08244334555648866 0.45600500000000005
0.08227290893675983 0.45700500000000005
0.08210317541195017 0.45800500000000005
0.08193414064124134 0.45900500000000005
0.08176580031946144 0.46000500000000005
0.08159815017672073 0.46100500000000005
0.081431185978082 0.46200500000000005
0.08126490352313667 0.46300500000000006
0.0810992986457368 0.46400500000000006
0.08093436721356699 0.46500500000000006
0.08077010512787167 0.46600500000000006
0.08060650832305989 0.46700500000000006
0.08044357276640204 0.46800500000000006
0.0802812944576862 0.46900500000000006
0.08011966942890111 0.47000500000000006
0.07995869374389585 0.47100500000000006
0.07979836349809459 0.47200500000000006
0.07963867481812414 0.47300500000000006
0.07947962386156102 0.47400500000000007
0.07932120681659172 0.47500500000000007
0.07916341990170678 0.476005
0.07900625936542949 0.477005
0.07884972148597631 0.478005
0.07869380257098865 0.479005
0.0785384989572588 0.480005
0.07838380701038879 0.481005
0.07822972312457806 0.482005
0.07807624372228132 0.483005
0.07792336525397153 0.484005
0.07777108419784233 0.485005
0.07761939705955714 0.486005
0.07746830037197282 0.487005
0.07731779069486246 0.488005
0.07716786461469158 0.489005
0.07701851874431748 0.490005
0.07686974972275872 0.491005
0.07672155421493837 0.492005
0.07657392891143944 0.493005
0.07642687052824514 0.494005
0.0762803758065058 0.49500500000000003
0.07613444151230948 0.49600500000000003
0.07598906443641741 0.49700500000000003
0.07584424139404662 0.49800500000000003
0.07569996922463032 0.49900500000000003
